79576.0 0.094298245614
79579.0 0.094298245614
79582.0 0.094298245614
158509.0 0.092803030303
96619.0 0.116319444444
158434.0 0.130208333333
158410.0 0.130208333333
79573.0 0.094298245614
85281.0 0.136284722222
85282.0 0.136284722222
85283.0 0.136284722222
85284.0 0.136284722222
85285.0 0.136284722222
85286.0 0.136284722222
158511.0 0.115885416667
85287.0 0.136284722222
81002.0 0.0932971014493
85289.0 0.136284722222
69744.0 0.0416666666667
69748.0 0.0416666666667
85290.0 0.136284722222
81595.0 0.0942028985507
85291.0 0.136284722222
85288.0 0.136284722222
81598.0 0.0942028985507
81619.0 0.0942028985507
81613.0 0.0942028985507
69760.0 0.0416666666667
69754.0 0.0416666666667
166158.0 0.125
166168.0 0.114583333333
69758.0 0.0416666666667
69756.0 0.0416666666667
69750.0 0.0416666666667
69752.0 0.0416666666667
85292.0 0.136284722222
81601.0 0.0942028985507
81604.0 0.0942028985507
81607.0 0.0942028985507
81610.0 0.0942028985507
81616.0 0.0942028985507
85293.0 0.136284722222
80987.0 0.0932971014493
69816.0 0.0416666666667
69818.0 0.0416666666667
80990.0 0.0932971014493
69814.0 0.0416666666667
80993.0 0.0932971014493
80996.0 0.0932971014493
69810.0 0.0416666666667
69812.0 0.0416666666667
69802.0 0.0416666666667
69873.0 0.0416666666667
81005.0 0.0932971014493
81008.0 0.0932971014493
69875.0 0.0416666666667
69877.0 0.0416666666667
96623.0 0.116319444444
75248.0 0.0416666666667
75251.0 0.0416666666667
75254.0 0.0416666666667
69879.0 0.0416666666667
69883.0 0.0416666666667
80999.0 0.0932971014493
85294.0 0.136284722222
69881.0 0.0416666666667
75257.0 0.0416666666667
85295.0 0.136284722222
85296.0 0.136284722222
69808.0 0.0416666666667
69804.0 0.0416666666667
69885.0 0.0416666666667
81011.0 0.0932971014493
85297.0 0.136284722222
69887.0 0.0416666666667
85298.0 0.136284722222
69943.0 0.0416666666667
69933.0 0.0416666666667
85300.0 0.136284722222
70003.0 0.0416666666667
70005.0 0.0416666666667
80725.0 0.0942028985507
80728.0 0.0942028985507
80731.0 0.0942028985507
80734.0 0.0942028985507
80737.0 0.0942028985507
80740.0 0.0942028985507
80743.0 0.0942028985507
85303.0 0.136284722222
69939.0 0.0416666666667
85306.0 0.136284722222
70001.0 0.0416666666667
69889.0 0.0416666666667
69997.0 0.0416666666667
69945.0 0.0416666666667
69935.0 0.0416666666667
69999.0 0.0416666666667
69949.0 0.0416666666667
69937.0 0.0416666666667
96624.0 0.116319444444
85309.0 0.136284722222
80746.0 0.0942028985507
80749.0 0.0942028985507
69995.0 0.0416666666667
69947.0 0.0416666666667
69941.0 0.0416666666667
85318.0 0.136284722222
85312.0 0.136284722222
85315.0 0.136284722222
68401.0 0.0416666666667
68403.0 0.0416666666667
68405.0 0.0416666666667
85321.0 0.136284722222
68411.0 0.0416666666667
68417.0 0.0416666666667
68415.0 0.0416666666667
79942.0 0.087962962963
70053.0 0.0416666666667
68493.0 0.0416666666667
68499.0 0.0416666666667
68497.0 0.0416666666667
68503.0 0.0416666666667
68505.0 0.0416666666667
69993.0 0.0416666666667
69991.0 0.0416666666667
70051.0 0.0416666666667
68555.0 0.0416666666667
68559.0 0.0416666666667
85324.0 0.136284722222
79945.0 0.087962962963
68551.0 0.0416666666667
68561.0 0.0416666666667
79951.0 0.087962962963
68793.0 0.0416666666667
79954.0 0.087962962963
68409.0 0.0416666666667
68413.0 0.0416666666667
70049.0 0.0416666666667
70057.0 0.0416666666667
70055.0 0.0416666666667
70047.0 0.0416666666667
68489.0 0.0416666666667
68491.0 0.0416666666667
68495.0 0.0416666666667
68501.0 0.0416666666667
69989.0 0.0416666666667
70045.0 0.0416666666667
68547.0 0.0416666666667
68549.0 0.0416666666667
68553.0 0.0416666666667
68557.0 0.0416666666667
79957.0 0.087962962963
79960.0 0.087962962963
79963.0 0.087962962963
68407.0 0.0416666666667
75239.0 0.0416666666667
75263.0 0.0416666666667
75343.0 0.0416666666667
75346.0 0.0416666666667
68922.0 0.0416666666667
68924.0 0.0416666666667
68916.0 0.0416666666667
68914.0 0.0416666666667
70043.0 0.0416666666667
70113.0 0.0416666666667
70105.0 0.0416666666667
75166.0 0.0416666666667
75169.0 0.0416666666667
75172.0 0.0416666666667
75175.0 0.0416666666667
75178.0 0.0416666666667
75181.0 0.0416666666667
75184.0 0.0416666666667
75187.0 0.0416666666667
75189.0 0.0416666666667
75242.0 0.0416666666667
75245.0 0.0416666666667
75260.0 0.0416666666667
68920.0 0.0416666666667
68912.0 0.0416666666667
68910.0 0.0416666666667
68908.0 0.0416666666667
70115.0 0.0416666666667
70107.0 0.0416666666667
70103.0 0.0416666666667
81371.0 0.0932971014493
81374.0 0.0932971014493
70111.0 0.0416666666667
70101.0 0.0416666666667
70099.0 0.0416666666667
75425.0 0.0416666666667
69502.0 0.0416666666667
69504.0 0.0416666666667
69500.0 0.0416666666667
69498.0 0.0416666666667
69496.0 0.0416666666667
69494.0 0.0416666666667
69488.0 0.0416666666667
69512.0 0.0416666666667
173573.0 0.371527777778
81395.0 0.0932971014493
75355.0 0.0416666666667
81377.0 0.0932971014493
81380.0 0.0932971014493
81383.0 0.0932971014493
81389.0 0.0932971014493
75401.0 0.0416666666667
75410.0 0.0416666666667
75404.0 0.0416666666667
75413.0 0.0416666666667
75419.0 0.0416666666667
81386.0 0.0932971014493
81392.0 0.0932971014493
75422.0 0.0416666666667
85446.0 0.0565476190476
79558.0 0.094298245614
75352.0 0.0416666666667
79561.0 0.094298245614
79564.0 0.094298245614
75407.0 0.0416666666667
75416.0 0.0416666666667
85448.0 0.0565476190476
79567.0 0.094298245614
79570.0 0.094298245614
82841.0 0.09375
73974.0 0.0416666666667
73980.0 0.0416666666667
82856.0 0.09375
73995.0 0.0416666666667
82859.0 0.09375
74067.0 0.0416666666667
74070.0 0.0416666666667
82862.0 0.09375
73983.0 0.0416666666667
73986.0 0.0416666666667
82865.0 0.09375
82844.0 0.09375
74073.0 0.0416666666667
74082.0 0.0416666666667
82847.0 0.09375
73977.0 0.0416666666667
73989.0 0.0416666666667
73992.0 0.0416666666667
73998.0 0.0416666666667
74061.0 0.0416666666667
74076.0 0.0416666666667
74079.0 0.0416666666667
82850.0 0.09375
74058.0 0.0416666666667
74064.0 0.0416666666667
82853.0 0.09375
103984.0 0.145833333333
103949.0 0.145833333333
103991.0 0.145833333333
103998.0 0.145833333333
103977.0 0.145833333333
103956.0 0.145833333333
103970.0 0.145833333333
103942.0 0.145833333333
103963.0 0.145833333333
173878.0 0.399305555556
96538.0 0.112103174603
165452.0 0.13768115942
98667.0 0.116319444444
98674.0 0.116319444444
175348.0 0.396701388889
119419.0 0.151515151515
119420.0 0.151515151515
119416.0 0.151515151515
119421.0 0.151515151515
119422.0 0.151515151515
119424.0 0.151515151515
119426.0 0.151515151515
119428.0 0.151515151515
119430.0 0.151515151515
119417.0 0.151515151515
119418.0 0.151515151515
119423.0 0.151515151515
119425.0 0.151515151515
119427.0 0.151515151515
119429.0 0.151515151515
119431.0 0.151515151515
119432.0 0.151515151515
119436.0 0.151515151515
119433.0 0.151515151515
119443.0 0.151515151515
103922.0 0.145833333333
103924.0 0.145833333333
103926.0 0.145833333333
119450.0 0.151515151515
119492.0 0.151515151515
103932.0 0.145833333333
119457.0 0.151515151515
119464.0 0.151515151515
103928.0 0.145833333333
103934.0 0.145833333333
119471.0 0.151515151515
119478.0 0.151515151515
103930.0 0.145833333333
103936.0 0.145833333333
119485.0 0.151515151515
103938.0 0.145833333333
142468.0 0.130208333333
103834.0 0.116319444444
116752.0 0.151515151515
116753.0 0.151515151515
116754.0 0.151515151515
116755.0 0.151515151515
116756.0 0.151515151515
116757.0 0.151515151515
116758.0 0.151515151515
116759.0 0.151515151515
116760.0 0.151515151515
116761.0 0.151515151515
116762.0 0.151515151515
116763.0 0.151515151515
116772.0 0.151515151515
116779.0 0.151515151515
116786.0 0.151515151515
116793.0 0.151515151515
116800.0 0.151515151515
116807.0 0.151515151515
142239.0 0.130208333333
138835.0 0.130208333333
138832.0 0.173611111111
138851.0 0.130208333333
138636.0 0.130208333333
146521.0 0.130208333333
166208.0 0.125
146261.0 0.130208333333
143988.0 0.130208333333
142438.0 0.130208333333
143987.0 0.130208333333
143989.0 0.130208333333
151934.0 0.137152777778
157571.0 0.13768115942
169061.0 0.396929824561
178918.0 0.400173611111
180236.0 0.400173611111
