102067.0 0.27178030303
103186.0 0.238224637681
103189.0 0.238224637681
106054.0 0.251736111111
106055.0 0.251736111111
106056.0 0.251736111111
106057.0 0.251736111111
106078.0 0.251736111111
106079.0 0.251736111111
106080.0 0.251736111111
106081.0 0.251736111111
106082.0 0.251736111111
106083.0 0.251736111111
106084.0 0.251736111111
106085.0 0.251736111111
106086.0 0.251736111111
106087.0 0.251736111111
106199.0 0.244565217391
111461.0 0.2734375
111462.0 0.2734375
114283.0 0.280797101449
114288.0 0.280797101449
116921.0 0.287698412698
116922.0 0.287698412698
116923.0 0.294270833333
116924.0 0.294270833333
116925.0 0.287698412698
116926.0 0.287698412698
116927.0 0.294270833333
116928.0 0.294270833333
116929.0 0.294270833333
116930.0 0.294270833333
124927.0 0.283854166667
124928.0 0.283854166667
124929.0 0.283854166667
124930.0 0.283854166667
124964.0 0.289855072464
124965.0 0.289855072464
124966.0 0.289855072464
124967.0 0.289855072464
124968.0 0.289855072464
124969.0 0.289855072464
124970.0 0.294270833333
124971.0 0.294270833333
124972.0 0.294270833333
124973.0 0.294270833333
126813.0 0.295138888889
126814.0 0.295138888889
126815.0 0.295138888889
126816.0 0.295138888889
128512.0 0.266927083333
128513.0 0.266927083333
128514.0 0.266927083333
128515.0 0.266927083333
128764.0 0.284722222222
128765.0 0.284722222222
128766.0 0.284722222222
128767.0 0.284722222222
128768.0 0.284722222222
128769.0 0.284722222222
128772.0 0.284722222222
128773.0 0.284722222222
130873.0 0.281702898551
131270.0 0.281702898551
131271.0 0.281702898551
136070.0 0.285037878788
136071.0 0.285037878788
136072.0 0.285037878788
136073.0 0.285037878788
136107.0 0.284722222222
136108.0 0.284722222222
136109.0 0.284722222222
136110.0 0.284722222222
136111.0 0.284722222222
136112.0 0.284722222222
136113.0 0.291666666667
136114.0 0.291666666667
136115.0 0.291666666667
136116.0 0.291666666667
143811.0 0.291666666667
143812.0 0.291666666667
143813.0 0.291666666667
143814.0 0.291666666667
143815.0 0.291666666667
143816.0 0.291666666667
143817.0 0.291666666667
143818.0 0.291666666667
143819.0 0.291666666667
143820.0 0.291666666667
144114.0 0.291666666667
144115.0 0.291666666667
144116.0 0.291666666667
144117.0 0.291666666667
146245.0 0.291666666667
146246.0 0.291666666667
146247.0 0.291666666667
146248.0 0.291666666667
146772.0 0.293402777778
146773.0 0.293402777778
147975.0 0.293402777778
147976.0 0.293402777778
147979.0 0.293402777778
147980.0 0.293402777778
147981.0 0.293402777778
147982.0 0.293402777778
149090.0 0.303385416667
149234.0 0.3046875
149235.0 0.3046875
149238.0 0.3046875
149239.0 0.3046875
149240.0 0.271701388889
149241.0 0.271701388889
149242.0 0.3046875
149243.0 0.3046875
149424.0 0.297743055556
149425.0 0.297743055556
149426.0 0.297743055556
149427.0 0.297743055556
149428.0 0.297743055556
149429.0 0.297743055556
157764.0 0.25946969697
157765.0 0.25946969697
157766.0 0.25946969697
157767.0 0.25946969697
158032.0 0.28125
158033.0 0.28125
158034.0 0.28125
158035.0 0.28125
158036.0 0.28125
158037.0 0.28125
158483.0 0.264492753623
158484.0 0.264492753623
158485.0 0.264492753623
158486.0 0.264492753623
158487.0 0.264492753623
158488.0 0.264492753623
158489.0 0.264492753623
158490.0 0.264492753623
158491.0 0.264492753623
158492.0 0.264492753623
158629.0 0.264492753623
158630.0 0.264492753623
166027.0 0.302631578947
166028.0 0.302631578947
166029.0 0.302631578947
166030.0 0.302631578947
166031.0 0.302631578947
166032.0 0.302631578947
166033.0 0.302631578947
166034.0 0.302631578947
166035.0 0.302631578947
166036.0 0.302631578947
166060.0 0.302631578947
166061.0 0.302631578947
166062.0 0.302631578947
166063.0 0.302631578947
167092.0 0.292534722222
167093.0 0.292534722222
167094.0 0.292534722222
167095.0 0.292534722222
167096.0 0.292534722222
167097.0 0.292534722222
167098.0 0.292534722222
167099.0 0.292534722222
167100.0 0.292534722222
167101.0 0.292534722222
167255.0 0.278985507246
167256.0 0.278985507246
167257.0 0.278985507246
167258.0 0.278985507246
167259.0 0.278985507246
167260.0 0.278985507246
167261.0 0.278985507246
167262.0 0.278985507246
167263.0 0.278985507246
167264.0 0.278985507246
169271.0 0.292534722222
169272.0 0.292534722222
169273.0 0.292534722222
169274.0 0.292534722222
169275.0 0.292534722222
169276.0 0.292534722222
169277.0 0.292534722222
169278.0 0.292534722222
169279.0 0.292534722222
169280.0 0.292534722222
169681.0 0.292534722222
170535.0 0.278985507246
170536.0 0.278985507246
170537.0 0.278985507246
170538.0 0.278985507246
170539.0 0.278985507246
170540.0 0.278985507246
170541.0 0.278985507246
170542.0 0.278985507246
170543.0 0.278985507246
170544.0 0.278985507246
170545.0 0.278985507246
170546.0 0.278985507246
170547.0 0.278985507246
170548.0 0.278985507246
170549.0 0.278985507246
170550.0 0.278985507246
170551.0 0.278985507246
170552.0 0.278985507246
170553.0 0.278985507246
170554.0 0.278985507246
170555.0 0.278985507246
170556.0 0.278985507246
170557.0 0.278985507246
170558.0 0.278985507246
170559.0 0.278985507246
170560.0 0.278985507246
170561.0 0.278985507246
170562.0 0.278985507246
170563.0 0.278985507246
170564.0 0.278985507246
170565.0 0.278985507246
170566.0 0.278985507246
170567.0 0.278985507246
170568.0 0.278985507246
170569.0 0.278985507246
170570.0 0.278985507246
170571.0 0.278985507246
170572.0 0.278985507246
170573.0 0.278985507246
170574.0 0.278985507246
170575.0 0.278985507246
170576.0 0.278985507246
170577.0 0.278985507246
170578.0 0.278985507246
170579.0 0.278985507246
170580.0 0.278985507246
170581.0 0.278985507246
170582.0 0.278985507246
170583.0 0.278985507246
170584.0 0.278985507246
170585.0 0.278985507246
170586.0 0.278985507246
170587.0 0.278985507246
170588.0 0.278985507246
170589.0 0.278985507246
170590.0 0.278985507246
170591.0 0.278985507246
170592.0 0.278985507246
170593.0 0.278985507246
170594.0 0.278985507246
170595.0 0.278985507246
170596.0 0.278985507246
170597.0 0.278985507246
170598.0 0.278985507246
170599.0 0.278985507246
170600.0 0.278985507246
170601.0 0.278985507246
170602.0 0.278985507246
170603.0 0.278985507246
170604.0 0.278985507246
170605.0 0.278985507246
170606.0 0.278985507246
170607.0 0.278985507246
170608.0 0.278985507246
170609.0 0.278985507246
170610.0 0.278985507246
170611.0 0.278985507246
170612.0 0.278985507246
170613.0 0.278985507246
170614.0 0.278985507246
171465.0 0.249053030303
171466.0 0.247159090909
172526.0 0.248188405797
172527.0 0.248188405797
172542.0 0.264756944444
172543.0 0.264756944444
172544.0 0.264756944444
172545.0 0.264756944444
172548.0 0.25
172550.0 0.25
172552.0 0.279166666667
172554.0 0.279166666667
172606.0 0.26902173913
172607.0 0.26902173913
173863.0 0.264756944444
173864.0 0.264756944444
173865.0 0.264756944444
173866.0 0.264756944444
173867.0 0.264756944444
173868.0 0.264756944444
175337.0 0.289930555556
175338.0 0.289930555556
175340.0 0.289930555556
175341.0 0.289930555556
175342.0 0.289930555556
175343.0 0.289930555556
178702.0 0.27734375
178712.0 0.251736111111
178713.0 0.3125
178714.0 0.27734375
178715.0 0.27734375
178716.0 0.251736111111
178717.0 0.251736111111
178718.0 0.3125
178720.0 0.27734375
178721.0 0.251736111111
178786.0 0.27734375
178787.0 0.27734375
178788.0 0.27734375
178789.0 0.27734375
178790.0 0.27734375
178792.0 0.27734375
178793.0 0.27734375
178807.0 0.289930555556
178809.0 0.289930555556
178811.0 0.289930555556
178813.0 0.289930555556
178815.0 0.289930555556
178817.0 0.289930555556
178819.0 0.289930555556
178821.0 0.289930555556
178887.0 0.276268115942
178897.0 0.23731884058
178898.0 0.315217391304
178899.0 0.276268115942
178900.0 0.276268115942
178901.0 0.23731884058
178903.0 0.315217391304
178904.0 0.276268115942
178906.0 0.23731884058
178907.0 0.309895833333
178908.0 0.309895833333
178910.0 0.309895833333
178911.0 0.309895833333
178912.0 0.309895833333
178913.0 0.309895833333
178933.0 0.276268115942
178937.0 0.300347222222
178938.0 0.300347222222
178939.0 0.300347222222
178941.0 0.479166666667
178986.0 0.297101449275
178987.0 0.297101449275
178988.0 0.297101449275
178989.0 0.297101449275
178990.0 0.297101449275
178991.0 0.297101449275
178992.0 0.297101449275
178993.0 0.297101449275
178994.0 0.297101449275
178995.0 0.297101449275
178996.0 0.297101449275
178997.0 0.297101449275
178998.0 0.297101449275
178999.0 0.297101449275
179000.0 0.297101449275
179001.0 0.297101449275
180093.0 0.308876811594
180094.0 0.308876811594
180095.0 0.308876811594
181073.0 0.289855072464
181074.0 0.289855072464
181075.0 0.289855072464
181076.0 0.289855072464
181077.0 0.289855072464
181078.0 0.289855072464
181079.0 0.289855072464
181080.0 0.289855072464
181081.0 0.289855072464
181082.0 0.289855072464
181083.0 0.289855072464
181084.0 0.289855072464
181085.0 0.289855072464
181086.0 0.289855072464
181087.0 0.289855072464
181088.0 0.289855072464
181089.0 0.289855072464
181090.0 0.289855072464
181091.0 0.289855072464
181092.0 0.289855072464
181093.0 0.289855072464
181094.0 0.289855072464
181095.0 0.289855072464
181096.0 0.289855072464
181097.0 0.289855072464
181098.0 0.289855072464
181099.0 0.289855072464
181100.0 0.289855072464
181101.0 0.289855072464
181102.0 0.289855072464
181103.0 0.289855072464
181104.0 0.289855072464
181105.0 0.289855072464
181106.0 0.289855072464
181107.0 0.289855072464
181108.0 0.289855072464
181109.0 0.289855072464
181110.0 0.289855072464
181111.0 0.289855072464
181112.0 0.289855072464
181113.0 0.289855072464
181114.0 0.289855072464
181115.0 0.289855072464
181116.0 0.289855072464
181117.0 0.289855072464
181118.0 0.289855072464
181119.0 0.289855072464
181120.0 0.289855072464
181121.0 0.289855072464
181122.0 0.289855072464
181123.0 0.289855072464
181124.0 0.289855072464
181125.0 0.289855072464
181126.0 0.289855072464
181127.0 0.289855072464
181128.0 0.289855072464
181129.0 0.289855072464
181130.0 0.289855072464
181131.0 0.289855072464
181132.0 0.289855072464
181133.0 0.289855072464
181134.0 0.289855072464
181135.0 0.289855072464
181136.0 0.289855072464
181714.0 0.292572463768
181757.0 0.260416666667
181758.0 0.347222222222
181759.0 0.303819444444
181760.0 0.303819444444
181761.0 0.260416666667
181762.0 0.260416666667
181763.0 0.347222222222
181764.0 0.303819444444
181765.0 0.303819444444
181766.0 0.260416666667
181839.0 0.287698412698
181849.0 0.260869565217
181850.0 0.329365079365
181851.0 0.287698412698
181852.0 0.287698412698
181853.0 0.260869565217
181854.0 0.260869565217
181857.0 0.287698412698
181858.0 0.260869565217
85211.0 0.121212121212
85212.0 0.121212121212
85367.0 0.132675438596
85368.0 0.132675438596
85719.0 0.121212121212
85720.0 0.121212121212
85721.0 0.121212121212
85722.0 0.121212121212
86083.0 0.119047619048
90781.0 0.0
90829.0 0.0
90830.0 0.0
90839.0 0.220486111111
90840.0 0.220486111111
90851.0 0.220486111111
90852.0 0.220486111111
90861.0 0.220486111111
90862.0 0.220486111111
90871.0 0.220486111111
90872.0 0.220486111111
94086.0 0.194746376812
94102.0 0.194746376812
94119.0 0.194746376812
94128.0 0.194746376812
94660.0 0.207465277778
94661.0 0.207465277778
94668.0 0.207465277778
94669.0 0.207465277778
94670.0 0.207465277778
94671.0 0.207465277778
94672.0 0.207465277778
94673.0 0.207465277778
94674.0 0.207465277778
94675.0 0.207465277778
94676.0 0.207465277778
94677.0 0.207465277778
94678.0 0.207465277778
94679.0 0.207465277778
94680.0 0.207465277778
94681.0 0.207465277778
94682.0 0.207465277778
94683.0 0.207465277778
94684.0 0.207465277778
94685.0 0.207465277778
94686.0 0.207465277778
94687.0 0.207465277778
94688.0 0.207465277778
94689.0 0.207465277778
94690.0 0.207465277778
94691.0 0.207465277778
94692.0 0.207465277778
94693.0 0.207465277778
94694.0 0.207465277778
94695.0 0.207465277778
94696.0 0.207465277778
94697.0 0.207465277778
94698.0 0.207465277778
94699.0 0.207465277778
94700.0 0.207465277778
94701.0 0.207465277778
94702.0 0.207465277778
94703.0 0.207465277778
94704.0 0.207465277778
94705.0 0.207465277778
94706.0 0.207465277778
94707.0 0.207465277778
94708.0 0.207465277778
94709.0 0.207465277778
94710.0 0.207465277778
94711.0 0.207465277778
94712.0 0.207465277778
94713.0 0.207465277778
94714.0 0.207465277778
94715.0 0.207465277778
94716.0 0.207465277778
94717.0 0.207465277778
94718.0 0.207465277778
94719.0 0.207465277778
94720.0 0.207465277778
94721.0 0.207465277778
94722.0 0.207465277778
94723.0 0.207465277778
94724.0 0.207465277778
94725.0 0.207465277778
94726.0 0.207465277778
94727.0 0.207465277778
94728.0 0.207465277778
94729.0 0.207465277778
94730.0 0.207465277778
94731.0 0.207465277778
94732.0 0.207465277778
94733.0 0.207465277778
94734.0 0.207465277778
94735.0 0.207465277778
94736.0 0.207465277778
94737.0 0.207465277778
94738.0 0.207465277778
94739.0 0.207465277778
94740.0 0.207465277778
94741.0 0.207465277778
94742.0 0.207465277778
94743.0 0.207465277778
94744.0 0.207465277778
94745.0 0.207465277778
94746.0 0.207465277778
94747.0 0.207465277778
94748.0 0.207465277778
94749.0 0.207465277778
97162.0 0.213768115942
97182.0 0.213768115942
97195.0 0.213768115942
97212.0 0.213768115942
97222.0 0.213768115942
97232.0 0.213768115942
97236.0 0.213768115942
98825.0 0.238095238095
98826.0 0.238095238095
98827.0 0.238095238095
98828.0 0.238095238095
98829.0 0.238095238095
98830.0 0.238095238095
98926.0 0.224780701754
98927.0 0.224780701754
98928.0 0.224780701754
98929.0 0.224780701754
98930.0 0.224780701754
98931.0 0.224780701754
98932.0 0.224780701754
98933.0 0.224780701754
98999.0 0.245265151515
99000.0 0.245265151515
99001.0 0.245265151515
99002.0 0.245265151515
99226.0 0.241666666667
59767.0 0.0
63037.0 0.0
60932.0 0.0
63145.0 0.0
69695.0 0.0
77615.0 0.0885416666667
77748.0 0.0923913043478
95892.0 0.215909090909
31035.0 0.0
31036.0 0.0
31037.0 0.0
31038.0 0.0
31041.0 0.0
31042.0 0.0
70904.0 0.0
70904.0 0.0
70904.0 0.0
71503.0 0.0
71503.0 0.0
72388.0 0.0
72388.0 0.0
73047.0 0.0
73047.0 0.0
73047.0 0.0
73498.0 0.0
73498.0 0.0
73498.0 0.0
74673.0 0.0
74673.0 0.0
74673.0 0.0
74891.0 0.0
74891.0 0.0
74891.0 0.0
75432.0 0.0
75432.0 0.0
75432.0 0.0
77615.0 0.0885416666667
77615.0 0.0885416666667
77615.0 0.0885416666667
77615.0 0.0885416666667
77615.0 0.0885416666667
77617.0 0.0885416666667
77617.0 0.0885416666667
77617.0 0.0885416666667
77617.0 0.0885416666667
77617.0 0.0885416666667
77748.0 0.0923913043478
77748.0 0.0923913043478
77748.0 0.0923913043478
78375.0 0.0923913043478
78375.0 0.0923913043478
78375.0 0.0923913043478
79741.0 0.0978260869565
79741.0 0.0978260869565
79741.0 0.0978260869565
99001.0 0.245265151515
99001.0 0.245265151515
147979.0 0.293402777778
85212.0 0.121212121212
165896.0 0.263586956522
147980.0 0.293402777778
148034.0 0.293402777778
148028.0 0.293402777778
24921.0 0.0
85211.0 0.121212121212
158489.0 0.264492753623
178702.0 0.27734375
158490.0 0.264492753623
124966.0 0.289855072464
158442.0 0.291666666667
110466.0 0.238224637681
158441.0 0.291666666667
90781.0 0.0
90829.0 0.0
90830.0 0.0
136127.0 0.291666666667
157764.0 0.25946969697
158444.0 0.291666666667
158443.0 0.291666666667
149430.0 0.297743055556
90851.0 0.220486111111
90852.0 0.220486111111
149090.0 0.303385416667
147975.0 0.293402777778
85361.0 0.121212121212
85367.0 0.132675438596
147976.0 0.293402777778
85368.0 0.132675438596
116925.0 0.287698412698
161519.0 0.278645833333
98825.0 0.238095238095
161521.0 0.278645833333
85370.0 0.132675438596
158487.0 0.264492753623
98826.0 0.238095238095
106082.0 0.251736111111
106083.0 0.251736111111
161520.0 0.278645833333
128244.0 0.281702898551
90840.0 0.220486111111
135960.0 0.278079710145
158488.0 0.264492753623
158483.0 0.264492753623
158485.0 0.264492753623
106079.0 0.251736111111
135947.0 0.278079710145
135956.0 0.278079710145
158484.0 0.264492753623
97236.0 0.213768115942
135967.0 0.278079710145
97348.0 0.213768115942
90839.0 0.220486111111
124964.0 0.289855072464
124965.0 0.289855072464
90871.0 0.220486111111
116926.0 0.287698412698
165863.0 0.263586956522
124967.0 0.289855072464
167098.0 0.292534722222
135981.0 0.278079710145
178333.0 0.276268115942
158491.0 0.264492753623
158492.0 0.264492753623
128768.0 0.284722222222
135985.0 0.278079710145
124972.0 0.294270833333
124973.0 0.294270833333
98827.0 0.238095238095
157765.0 0.25946969697
171465.0 0.249053030303
159427.0 0.264492753623
135972.0 0.278079710145
158496.0 0.264492753623
165924.0 0.263586956522
158486.0 0.264492753623
158493.0 0.264492753623
124968.0 0.289855072464
124970.0 0.294270833333
124971.0 0.294270833333
124969.0 0.289855072464
124927.0 0.283854166667
124928.0 0.283854166667
97361.0 0.213768115942
90872.0 0.220486111111
158502.0 0.264492753623
85728.0 0.121212121212
124930.0 0.283854166667
125792.0 0.281702898551
157766.0 0.25946969697
157767.0 0.25946969697
98830.0 0.238095238095
98833.0 0.238095238095
157769.0 0.25946969697
171466.0 0.247159090909
125761.0 0.281702898551
125755.0 0.281702898551
157770.0 0.25946969697
124929.0 0.283854166667
125798.0 0.281702898551
124253.0 0.281702898551
124221.0 0.281702898551
124229.0 0.281702898551
135741.0 0.278079710145
157771.0 0.25946969697
98828.0 0.238095238095
98829.0 0.238095238095
102484.0 0.238095238095
157768.0 0.25946969697
158499.0 0.264492753623
135747.0 0.278079710145
128476.0 0.281702898551
158043.0 0.28125
152105.0 0.251811594203
152106.0 0.251811594203
152108.0 0.251811594203
152107.0 0.251811594203
152109.0 0.251811594203
128024.0 0.281702898551
158033.0 0.28125
158035.0 0.28125
152110.0 0.251811594203
152112.0 0.251811594203
97232.0 0.213768115942
152111.0 0.251811594203
158039.0 0.28125
152114.0 0.251811594203
158500.0 0.264492753623
149429.0 0.297743055556
149428.0 0.297743055556
158497.0 0.264492753623
158494.0 0.264492753623
158503.0 0.264492753623
149240.0 0.271701388889
149241.0 0.271701388889
158032.0 0.28125
158038.0 0.28125
158040.0 0.28125
152113.0 0.251811594203
158034.0 0.28125
158036.0 0.28125
152117.0 0.251811594203
158037.0 0.28125
152118.0 0.251811594203
158041.0 0.28125
152116.0 0.251811594203
158042.0 0.28125
152115.0 0.251811594203
152120.0 0.251811594203
173864.0 0.264756944444
90861.0 0.220486111111
90862.0 0.220486111111
97367.0 0.213768115942
173863.0 0.264756944444
85735.0 0.121212121212
97212.0 0.213768115942
161075.0 0.264492753623
178594.0 0.276268115942
178326.0 0.276268115942
152119.0 0.251811594203
178601.0 0.276268115942
178614.0 0.276268115942
119626.0 0.294270833333
85720.0 0.121212121212
152122.0 0.251811594203
116921.0 0.287698412698
135791.0 0.278079710145
135796.0 0.278079710145
135836.0 0.278079710145
135838.0 0.278079710145
136070.0 0.285037878788
136071.0 0.285037878788
135841.0 0.278079710145
135843.0 0.278079710145
136072.0 0.285037878788
136073.0 0.285037878788
135805.0 0.278079710145
135808.0 0.278079710145
94102.0 0.194746376812
178712.0 0.251736111111
178714.0 0.27734375
178276.0 0.276268115942
178713.0 0.3125
178715.0 0.27734375
178621.0 0.276268115942
178269.0 0.276268115942
94086.0 0.194746376812
99226.0 0.241666666667
178289.0 0.276268115942
103186.0 0.238224637681
129955.0 0.270833333333
178423.0 0.276268115942
178296.0 0.276268115942
178429.0 0.276268115942
86083.0 0.119047619048
178506.0 0.276268115942
97222.0 0.213768115942
94128.0 0.194746376812
129959.0 0.270833333333
173865.0 0.264756944444
94119.0 0.194746376812
85719.0 0.121212121212
106087.0 0.251736111111
85722.0 0.121212121212
85721.0 0.121212121212
103189.0 0.238224637681
129977.0 0.270833333333
96267.0 0.193452380952
111247.0 0.244565217391
165575.0 0.263586956522
165581.0 0.263586956522
116922.0 0.287698412698
128072.0 0.281702898551
97195.0 0.213768115942
111239.0 0.244565217391
97182.0 0.213768115942
106726.0 0.251736111111
111231.0 0.244565217391
128052.0 0.281702898551
97162.0 0.213768115942
110743.0 0.244565217391
178717.0 0.251736111111
92340.0 0.220486111111
106086.0 0.251736111111
161067.0 0.264492753623
110735.0 0.244565217391
128358.0 0.281702898551
178718.0 0.3125
178720.0 0.27734375
128064.0 0.281702898551
161091.0 0.264492753623
161083.0 0.264492753623
128066.0 0.281702898551
128370.0 0.281702898551
128046.0 0.281702898551
88016.0 0.0
178500.0 0.276268115942
173867.0 0.264756944444
128129.0 0.281702898551
161099.0 0.264492753623
152121.0 0.251811594203
173866.0 0.264756944444
173868.0 0.264756944444
173873.0 0.264756944444
173875.0 0.264756944444
161107.0 0.264492753623
96471.0 0.207465277778
96469.0 0.207465277778
96473.0 0.207465277778
96475.0 0.207465277778
96477.0 0.207465277778
96479.0 0.207465277778
96481.0 0.207465277778
96483.0 0.207465277778
96485.0 0.207465277778
96487.0 0.207465277778
96489.0 0.207465277778
96491.0 0.207465277778
96493.0 0.207465277778
96495.0 0.207465277778
96499.0 0.207465277778
96497.0 0.207465277778
96503.0 0.207465277778
96501.0 0.207465277778
96507.0 0.207465277778
96505.0 0.207465277778
96511.0 0.207465277778
96509.0 0.207465277778
96515.0 0.207465277778
96513.0 0.207465277778
96519.0 0.207465277778
96517.0 0.207465277778
96521.0 0.207465277778
96523.0 0.207465277778
96527.0 0.207465277778
96525.0 0.207465277778
96531.0 0.207465277778
96529.0 0.207465277778
96535.0 0.207465277778
96533.0 0.207465277778
98840.0 0.238095238095
165858.0 0.263586956522
167111.0 0.292534722222
167099.0 0.292534722222
167112.0 0.292534722222
152124.0 0.251811594203
152125.0 0.251811594203
96453.0 0.207465277778
96455.0 0.207465277778
96459.0 0.207465277778
96457.0 0.207465277778
96463.0 0.207465277778
96461.0 0.207465277778
96467.0 0.207465277778
167096.0 0.292534722222
152123.0 0.251811594203
96465.0 0.207465277778
167097.0 0.292534722222
124189.0 0.281702898551
124978.0 0.289855072464
178315.0 0.276268115942
152128.0 0.251811594203
178309.0 0.276268115942
152127.0 0.251811594203
124269.0 0.281702898551
124205.0 0.281702898551
124213.0 0.281702898551
124987.0 0.294270833333
152130.0 0.251811594203
149426.0 0.297743055556
152129.0 0.251811594203
124157.0 0.281702898551
124181.0 0.281702898551
124975.0 0.289855072464
152132.0 0.251811594203
152131.0 0.251811594203
178352.0 0.276268115942
124984.0 0.294270833333
149427.0 0.297743055556
178346.0 0.276268115942
124197.0 0.281702898551
124149.0 0.281702898551
124981.0 0.289855072464
149424.0 0.297743055556
149425.0 0.297743055556
178574.0 0.276268115942
178581.0 0.276268115942
152126.0 0.251811594203
161522.0 0.278645833333
167108.0 0.292534722222
167092.0 0.292534722222
167093.0 0.292534722222
167102.0 0.292534722222
167109.0 0.292534722222
167103.0 0.292534722222
167094.0 0.292534722222
167095.0 0.292534722222
167105.0 0.292534722222
167106.0 0.292534722222
165198.0 0.264492753623
165199.0 0.264492753623
165202.0 0.264492753623
178543.0 0.276268115942
173876.0 0.264756944444
173874.0 0.264756944444
178537.0 0.276268115942
165201.0 0.264492753623
173870.0 0.264756944444
178410.0 0.276268115942
165582.0 0.263586956522
173871.0 0.264756944444
178403.0 0.276268115942
124277.0 0.281702898551
124237.0 0.281702898551
124165.0 0.281702898551
124141.0 0.281702898551
128234.0 0.281702898551
161523.0 0.278645833333
178447.0 0.276268115942
178524.0 0.276268115942
178440.0 0.276268115942
178517.0 0.276268115942
165200.0 0.264492753623
178554.0 0.276268115942
178383.0 0.276268115942
178561.0 0.276268115942
178390.0 0.276268115942
178487.0 0.276268115942
178480.0 0.276268115942
178809.0 0.289930555556
178807.0 0.289930555556
161123.0 0.264492753623
165391.0 0.277777777778
161115.0 0.264492753623
165393.0 0.277777777778
165390.0 0.277777777778
128772.0 0.284722222222
128769.0 0.284722222222
128152.0 0.281702898551
129981.0 0.270833333333
130039.0 0.270833333333
126813.0 0.295138888889
126814.0 0.295138888889
126815.0 0.295138888889
126816.0 0.295138888889
124245.0 0.281702898551
124261.0 0.281702898551
124173.0 0.281702898551
124133.0 0.281702898551
158629.0 0.264492753623
158630.0 0.264492753623
178813.0 0.289930555556
178811.0 0.289930555556
178370.0 0.276268115942
178249.0 0.276268115942
178256.0 0.276268115942
97438.0 0.213768115942
97445.0 0.213768115942
97378.0 0.213768115942
97398.0 0.213768115942
97418.0 0.213768115942
87963.0 0.0
87976.0 0.0
97425.0 0.213768115942
87996.0 0.0
88056.0 0.0
97405.0 0.213768115942
97458.0 0.213768115942
97385.0 0.213768115942
97464.0 0.213768115942
87956.0 0.0
87983.0 0.0
88003.0 0.0
97301.0 0.213768115942
97308.0 0.213768115942
97475.0 0.213768115942
97482.0 0.213768115942
97495.0 0.213768115942
97502.0 0.213768115942
97515.0 0.213768115942
97521.0 0.213768115942
98847.0 0.238095238095
98933.0 0.224780701754
98932.0 0.224780701754
98931.0 0.224780701754
98930.0 0.224780701754
95891.0 0.215909090909
178786.0 0.27734375
178790.0 0.27734375
169273.0 0.292534722222
178334.0 0.276268115942
178467.0 0.276268115942
178819.0 0.289930555556
178595.0 0.276268115942
166060.0 0.302631578947
166061.0 0.302631578947
178787.0 0.27734375
166062.0 0.302631578947
178460.0 0.276268115942
178327.0 0.276268115942
178788.0 0.27734375
95895.0 0.215909090909
95896.0 0.215909090909
128456.0 0.281702898551
178817.0 0.289930555556
178815.0 0.289930555556
178821.0 0.289930555556
178792.0 0.27734375
169274.0 0.292534722222
178789.0 0.27734375
166063.0 0.302631578947
178793.0 0.27734375
97539.0 0.213768115942
97532.0 0.213768115942
97552.0 0.213768115942
96241.0 0.193452380952
97559.0 0.213768115942
96243.0 0.193452380952
88063.0 0.0
87504.0 0.0
87511.0 0.0
97281.0 0.213768115942
97268.0 0.213768115942
97321.0 0.213768115942
103398.0 0.238224637681
88036.0 0.0
97328.0 0.213768115942
88043.0 0.0
165465.0 0.276268115942
165459.0 0.276268115942
166031.0 0.302631578947
166032.0 0.302631578947
166027.0 0.302631578947
166028.0 0.302631578947
166064.0 0.302631578947
166066.0 0.302631578947
178941.0 0.479166666667
166029.0 0.302631578947
166065.0 0.302631578947
166030.0 0.302631578947
166067.0 0.302631578947
97572.0 0.213768115942
97578.0 0.213768115942
97589.0 0.213768115942
97596.0 0.213768115942
97609.0 0.213768115942
97616.0 0.213768115942
97629.0 0.213768115942
97636.0 0.213768115942
97241.0 0.213768115942
97248.0 0.213768115942
97261.0 0.213768115942
97288.0 0.213768115942
97341.0 0.213768115942
98669.0 0.215909090909
167258.0 0.278985507246
98929.0 0.224780701754
166355.0 0.274456521739
98928.0 0.224780701754
98927.0 0.224780701754
98926.0 0.224780701754
167261.0 0.278985507246
92343.0 0.220486111111
92337.0 0.220486111111
92334.0 0.220486111111
161524.0 0.278645833333
116923.0 0.294270833333
116924.0 0.294270833333
116929.0 0.294270833333
167262.0 0.278985507246
166369.0 0.274456521739
99002.0 0.245265151515
99001.0 0.245265151515
99000.0 0.245265151515
98999.0 0.245265151515
116930.0 0.294270833333
167257.0 0.278985507246
178602.0 0.276268115942
166035.0 0.302631578947
87484.0 0.0
88156.0 0.0
166036.0 0.302631578947
102067.0 0.27178030303
88123.0 0.0
87332.0 0.0
98698.0 0.225198412698
87491.0 0.0
88163.0 0.0
166380.0 0.274456521739
167255.0 0.278985507246
87339.0 0.0
175337.0 0.289930555556
175338.0 0.289930555556
106085.0 0.251736111111
87544.0 0.0
87551.0 0.0
88076.0 0.0
88083.0 0.0
88096.0 0.0
88103.0 0.0
87524.0 0.0
87531.0 0.0
88116.0 0.0
92346.0 0.0
92039.0 0.194746376812
92046.0 0.194746376812
87292.0 0.0
92079.0 0.194746376812
88023.0 0.0
166388.0 0.274456521739
88203.0 0.0
92086.0 0.194746376812
88196.0 0.0
87299.0 0.0
175341.0 0.289930555556
92059.0 0.194746376812
167256.0 0.278985507246
92066.0 0.194746376812
175340.0 0.289930555556
92019.0 0.194746376812
92026.0 0.194746376812
130153.0 0.270833333333
130147.0 0.270833333333
92199.0 0.194746376812
167260.0 0.278985507246
92206.0 0.194746376812
167259.0 0.278985507246
130053.0 0.270833333333
130060.0 0.270833333333
92239.0 0.194746376812
92246.0 0.194746376812
91866.0 0.194746376812
91926.0 0.194746376812
91939.0 0.194746376812
91886.0 0.194746376812
92179.0 0.194746376812
91899.0 0.194746376812
91859.0 0.194746376812
91946.0 0.194746376812
166405.0 0.274456521739
91919.0 0.194746376812
92219.0 0.194746376812
92186.0 0.194746376812
91906.0 0.194746376812
91879.0 0.194746376812
92226.0 0.194746376812
92159.0 0.194746376812
92166.0 0.194746376812
92259.0 0.194746376812
167263.0 0.278985507246
92266.0 0.194746376812
167264.0 0.278985507246
106078.0 0.251736111111
166416.0 0.274456521739
106084.0 0.251736111111
92099.0 0.194746376812
128773.0 0.284722222222
92106.0 0.194746376812
175342.0 0.289930555556
92119.0 0.194746376812
92126.0 0.194746376812
103491.0 0.238224637681
92139.0 0.194746376812
103498.0 0.238224637681
103511.0 0.238224637681
92146.0 0.194746376812
91999.0 0.194746376812
103518.0 0.238224637681
166424.0 0.274456521739
92006.0 0.194746376812
103531.0 0.238224637681
91979.0 0.194746376812
130044.0 0.270833333333
175343.0 0.289930555556
91986.0 0.194746376812
103538.0 0.238224637681
91959.0 0.194746376812
124117.0 0.281702898551
103551.0 0.238224637681
129897.0 0.270833333333
129890.0 0.270833333333
166360.0 0.274456521739
166441.0 0.274456521739
166373.0 0.274456521739
175353.0 0.289930555556
103558.0 0.238224637681
178615.0 0.276268115942
166383.0 0.274456521739
175351.0 0.289930555556
130873.0 0.281702898551
175352.0 0.289930555556
166033.0 0.302631578947
161389.0 0.251811594203
103571.0 0.238224637681
91966.0 0.194746376812
128250.0 0.281702898551
161383.0 0.251811594203
161382.0 0.251811594203
161388.0 0.251811594203
161403.0 0.251811594203
161402.0 0.251811594203
161381.0 0.251811594203
161386.0 0.251811594203
106725.0 0.251736111111
116121.0 0.294270833333
103578.0 0.238224637681
161387.0 0.251811594203
161380.0 0.251811594203
128256.0 0.281702898551
116131.0 0.294270833333
116151.0 0.294270833333
161401.0 0.251811594203
116927.0 0.294270833333
116129.0 0.294270833333
106727.0 0.251736111111
161384.0 0.251811594203
161385.0 0.251811594203
116928.0 0.294270833333
161400.0 0.251811594203
150934.0 0.292572463768
106728.0 0.251736111111
150941.0 0.292572463768
116147.0 0.294270833333
128428.0 0.281702898551
116149.0 0.294270833333
103591.0 0.238224637681
161399.0 0.251811594203
161398.0 0.251811594203
161396.0 0.251811594203
161397.0 0.251811594203
103598.0 0.238224637681
161394.0 0.251811594203
161395.0 0.251811594203
122513.0 0.280797101449
116932.0 0.287698412698
166034.0 0.302631578947
166040.0 0.302631578947
131681.0 0.284722222222
131683.0 0.284722222222
131684.0 0.284722222222
131689.0 0.284722222222
131693.0 0.284722222222
131687.0 0.284722222222
131688.0 0.284722222222
131692.0 0.284722222222
131695.0 0.284722222222
131694.0 0.284722222222
131697.0 0.284722222222
150914.0 0.292572463768
150921.0 0.292572463768
151021.0 0.292572463768
116127.0 0.294270833333
151014.0 0.292572463768
116119.0 0.294270833333
116123.0 0.294270833333
116133.0 0.294270833333
150874.0 0.292572463768
151194.0 0.292572463768
151041.0 0.292572463768
116143.0 0.294270833333
151034.0 0.292572463768
116141.0 0.294270833333
116145.0 0.294270833333
116139.0 0.294270833333
116137.0 0.294270833333
150881.0 0.292572463768
151201.0 0.292572463768
116135.0 0.294270833333
151081.0 0.292572463768
131270.0 0.281702898551
131271.0 0.281702898551
151074.0 0.292572463768
161392.0 0.251811594203
161393.0 0.251811594203
161390.0 0.251811594203
161391.0 0.251811594203
159145.0 0.264492753623
159141.0 0.264492753623
159429.0 0.264492753623
166037.0 0.302631578947
131680.0 0.284722222222
131682.0 0.284722222222
131685.0 0.284722222222
131686.0 0.284722222222
131690.0 0.284722222222
131696.0 0.284722222222
131691.0 0.284722222222
131699.0 0.284722222222
122520.0 0.280797101449
131698.0 0.284722222222
103766.0 0.231770833333
166046.0 0.302631578947
118561.0 0.294270833333
165859.0 0.263586956522
166043.0 0.302631578947
166038.0 0.302631578947
119630.0 0.287698412698
166049.0 0.302631578947
122493.0 0.280797101449
135821.0 0.278079710145
165576.0 0.263586956522
165864.0 0.263586956522
94740.0 0.207465277778
94747.0 0.207465277778
178622.0 0.276268115942
181714.0 0.292572463768
136075.0 0.285037878788
94668.0 0.207465277778
94671.0 0.207465277778
94674.0 0.207465277778
94677.0 0.207465277778
94680.0 0.207465277778
94684.0 0.207465277778
94688.0 0.207465277778
94693.0 0.207465277778
94698.0 0.207465277778
94703.0 0.207465277778
94708.0 0.207465277778
94713.0 0.207465277778
94718.0 0.207465277778
94723.0 0.207465277778
94728.0 0.207465277778
94734.0 0.207465277778
94741.0 0.207465277778
94748.0 0.207465277778
175344.0 0.289930555556
135758.0 0.278079710145
94729.0 0.207465277778
94735.0 0.207465277778
94742.0 0.207465277778
94749.0 0.207465277778
178270.0 0.276268115942
135823.0 0.278079710145
136076.0 0.285037878788
136077.0 0.285037878788
181073.0 0.289855072464
94681.0 0.207465277778
94685.0 0.207465277778
94689.0 0.207465277778
94694.0 0.207465277778
94699.0 0.207465277778
94704.0 0.207465277778
94709.0 0.207465277778
94714.0 0.207465277778
94719.0 0.207465277778
94724.0 0.207465277778
94730.0 0.207465277778
94736.0 0.207465277778
94743.0 0.207465277778
175350.0 0.289930555556
181074.0 0.289855072464
178277.0 0.276268115942
135761.0 0.278079710145
136078.0 0.285037878788
119633.0 0.294270833333
94661.0 0.207465277778
94669.0 0.207465277778
94672.0 0.207465277778
94675.0 0.207465277778
94678.0 0.207465277778
94682.0 0.207465277778
94686.0 0.207465277778
94690.0 0.207465277778
94695.0 0.207465277778
94700.0 0.207465277778
94705.0 0.207465277778
94710.0 0.207465277778
94715.0 0.207465277778
94720.0 0.207465277778
94725.0 0.207465277778
94731.0 0.207465277778
94737.0 0.207465277778
94744.0 0.207465277778
181077.0 0.289855072464
175345.0 0.289930555556
181078.0 0.289855072464
94691.0 0.207465277778
94696.0 0.207465277778
94701.0 0.207465277778
94706.0 0.207465277778
94711.0 0.207465277778
94716.0 0.207465277778
94721.0 0.207465277778
94726.0 0.207465277778
94732.0 0.207465277778
94738.0 0.207465277778
94745.0 0.207465277778
181081.0 0.289855072464
181082.0 0.289855072464
135831.0 0.278079710145
135833.0 0.278079710145
135766.0 0.278079710145
103311.0 0.238224637681
94660.0 0.207465277778
94670.0 0.207465277778
94673.0 0.207465277778
94676.0 0.207465277778
94679.0 0.207465277778
94683.0 0.207465277778
94687.0 0.207465277778
94692.0 0.207465277778
94697.0 0.207465277778
94702.0 0.207465277778
94707.0 0.207465277778
94712.0 0.207465277778
94717.0 0.207465277778
94722.0 0.207465277778
94727.0 0.207465277778
94733.0 0.207465277778
94739.0 0.207465277778
94746.0 0.207465277778
178290.0 0.276268115942
96245.0 0.193452380952
96247.0 0.193452380952
96249.0 0.193452380952
96251.0 0.193452380952
103451.0 0.238224637681
96253.0 0.193452380952
96255.0 0.193452380952
96257.0 0.193452380952
96259.0 0.193452380952
96261.0 0.193452380952
96263.0 0.193452380952
103318.0 0.238224637681
96269.0 0.193452380952
96271.0 0.193452380952
96273.0 0.193452380952
96275.0 0.193452380952
96279.0 0.193452380952
96281.0 0.193452380952
96283.0 0.193452380952
96285.0 0.193452380952
96287.0 0.193452380952
96289.0 0.193452380952
96277.0 0.193452380952
96291.0 0.193452380952
96265.0 0.193452380952
96293.0 0.193452380952
96295.0 0.193452380952
96297.0 0.193452380952
96299.0 0.193452380952
96301.0 0.193452380952
103458.0 0.238224637681
181085.0 0.289855072464
181086.0 0.289855072464
181089.0 0.289855072464
122473.0 0.280797101449
103418.0 0.238224637681
103471.0 0.238224637681
122500.0 0.280797101449
122480.0 0.280797101449
135771.0 0.278079710145
131273.0 0.281702898551
103431.0 0.238224637681
131701.0 0.284722222222
103478.0 0.238224637681
131700.0 0.284722222222
131702.0 0.284722222222
103291.0 0.238224637681
131703.0 0.284722222222
131704.0 0.284722222222
131705.0 0.284722222222
131707.0 0.284722222222
103298.0 0.238224637681
103438.0 0.238224637681
128764.0 0.284722222222
122680.0 0.280797101449
103278.0 0.238224637681
103258.0 0.238224637681
122660.0 0.280797101449
122693.0 0.280797101449
103331.0 0.238224637681
103271.0 0.238224637681
122593.0 0.280797101449
122600.0 0.280797101449
122673.0 0.280797101449
106057.0 0.251736111111
178297.0 0.276268115942
181093.0 0.289855072464
106056.0 0.251736111111
106081.0 0.251736111111
106055.0 0.251736111111
106080.0 0.251736111111
136748.0 0.278079710145
106054.0 0.251736111111
128765.0 0.284722222222
128787.0 0.284722222222
128767.0 0.284722222222
136111.0 0.284722222222
131706.0 0.284722222222
128775.0 0.284722222222
128781.0 0.284722222222
128766.0 0.284722222222
136112.0 0.284722222222
131708.0 0.284722222222
122533.0 0.280797101449
122540.0 0.280797101449
122553.0 0.280797101449
122560.0 0.280797101449
124109.0 0.281702898551
122573.0 0.280797101449
122580.0 0.280797101449
181090.0 0.289855072464
122613.0 0.280797101449
122620.0 0.280797101449
122633.0 0.280797101449
122640.0 0.280797101449
122653.0 0.280797101449
151161.0 0.292572463768
151154.0 0.292572463768
136754.0 0.278079710145
122700.0 0.280797101449
122753.0 0.280797101449
122760.0 0.280797101449
122713.0 0.280797101449
122720.0 0.280797101449
122733.0 0.280797101449
122740.0 0.280797101449
122773.0 0.280797101449
122780.0 0.280797101449
122793.0 0.280797101449
122800.0 0.280797101449
122453.0 0.280797101449
124125.0 0.281702898551
124309.0 0.281702898551
124093.0 0.281702898551
124069.0 0.281702898551
124285.0 0.281702898551
124061.0 0.281702898551
124053.0 0.281702898551
124077.0 0.281702898551
102469.0 0.238224637681
103338.0 0.238224637681
103351.0 0.238224637681
103358.0 0.238224637681
103371.0 0.238224637681
103378.0 0.238224637681
103391.0 0.238224637681
103411.0 0.238224637681
124045.0 0.281702898551
106757.0 0.251736111111
106745.0 0.251736111111
106748.0 0.251736111111
106754.0 0.251736111111
106751.0 0.251736111111
124101.0 0.281702898551
124301.0 0.281702898551
124085.0 0.281702898551
122460.0 0.280797101449
124293.0 0.281702898551
124046.0 0.281702898551
119574.0 0.280797101449
119571.0 0.280797101449
119568.0 0.280797101449
119577.0 0.280797101449
119562.0 0.280797101449
119565.0 0.280797101449
119580.0 0.280797101449
122813.0 0.280797101449
114283.0 0.280797101449
119583.0 0.280797101449
108770.0 0.231770833333
122820.0 0.280797101449
110607.0 0.244565217391
150961.0 0.292572463768
110599.0 0.244565217391
150954.0 0.292572463768
122833.0 0.280797101449
106199.0 0.244565217391
181094.0 0.289855072464
122840.0 0.280797101449
114599.0 0.280797101449
122853.0 0.280797101449
110615.0 0.244565217391
106461.0 0.244565217391
106468.0 0.244565217391
114606.0 0.280797101449
106448.0 0.244565217391
106441.0 0.244565217391
106568.0 0.244565217391
106561.0 0.244565217391
106488.0 0.244565217391
106481.0 0.244565217391
106508.0 0.244565217391
106501.0 0.244565217391
106521.0 0.244565217391
106528.0 0.244565217391
106608.0 0.244565217391
106601.0 0.244565217391
106628.0 0.244565217391
106621.0 0.244565217391
106648.0 0.244565217391
106641.0 0.244565217391
106661.0 0.244565217391
106668.0 0.244565217391
106688.0 0.244565217391
106681.0 0.244565217391
106281.0 0.244565217391
106288.0 0.244565217391
106308.0 0.244565217391
106301.0 0.244565217391
106328.0 0.244565217391
106321.0 0.244565217391
106341.0 0.244565217391
106348.0 0.244565217391
106361.0 0.244565217391
106368.0 0.244565217391
106381.0 0.244565217391
106388.0 0.244565217391
106401.0 0.244565217391
106408.0 0.244565217391
106428.0 0.244565217391
106421.0 0.244565217391
168608.0 0.271739130435
168633.0 0.271739130435
125735.0 0.281702898551
110951.0 0.244565217391
110919.0 0.244565217391
111111.0 0.244565217391
111103.0 0.244565217391
111087.0 0.244565217391
168605.0 0.271739130435
122860.0 0.280797101449
123685.0 0.294270833333
123687.0 0.279761904762
123684.0 0.279761904762
136107.0 0.284722222222
123836.0 0.280797101449
136108.0 0.284722222222
131710.0 0.284722222222
128228.0 0.281702898551
128355.0 0.281702898551
136728.0 0.278079710145
128447.0 0.281702898551
131711.0 0.284722222222
128438.0 0.281702898551
131709.0 0.284722222222
131712.0 0.284722222222
128240.0 0.281702898551
131713.0 0.284722222222
130407.0 0.270833333333
130401.0 0.270833333333
125742.0 0.281702898551
125772.0 0.281702898551
125779.0 0.281702898551
128168.0 0.281702898551
128170.0 0.281702898551
110327.0 0.238224637681
125715.0 0.281702898551
125722.0 0.281702898551
110333.0 0.238224637681
110307.0 0.238224637681
110314.0 0.238224637681
110506.0 0.238224637681
128033.0 0.281702898551
110513.0 0.238224637681
110486.0 0.238224637681
128172.0 0.281702898551
110493.0 0.238224637681
110473.0 0.238224637681
125809.0 0.281702898551
110446.0 0.238224637681
125815.0 0.281702898551
128134.0 0.281702898551
110453.0 0.238224637681
124054.0 0.281702898551
110426.0 0.238224637681
110433.0 0.238224637681
128140.0 0.281702898551
110406.0 0.238224637681
124070.0 0.281702898551
110413.0 0.238224637681
124062.0 0.281702898551
110386.0 0.238224637681
110393.0 0.238224637681
110366.0 0.238224637681
110373.0 0.238224637681
110346.0 0.238224637681
110353.0 0.238224637681
110288.0 0.238224637681
110295.0 0.238224637681
110268.0 0.238224637681
110275.0 0.238224637681
110248.0 0.238224637681
110255.0 0.238224637681
110228.0 0.238224637681
110208.0 0.238224637681
110235.0 0.238224637681
110215.0 0.238224637681
110188.0 0.238224637681
110195.0 0.238224637681
110168.0 0.238224637681
110584.0 0.244565217391
110568.0 0.244565217391
110560.0 0.244565217391
110600.0 0.244565217391
110616.0 0.244565217391
110544.0 0.244565217391
110576.0 0.244565217391
110552.0 0.244565217391
110592.0 0.244565217391
110608.0 0.244565217391
110664.0 0.244565217391
110536.0 0.244565217391
110696.0 0.244565217391
110704.0 0.244565217391
110712.0 0.244565217391
110672.0 0.244565217391
110688.0 0.244565217391
110520.0 0.244565217391
110680.0 0.244565217391
110528.0 0.244565217391
110784.0 0.244565217391
110792.0 0.244565217391
110648.0 0.244565217391
110816.0 0.244565217391
110640.0 0.244565217391
110808.0 0.244565217391
110800.0 0.244565217391
110624.0 0.244565217391
110632.0 0.244565217391
110656.0 0.244565217391
110776.0 0.244565217391
110744.0 0.244565217391
110720.0 0.244565217391
110760.0 0.244565217391
110736.0 0.244565217391
110752.0 0.244565217391
110728.0 0.244565217391
110904.0 0.244565217391
110912.0 0.244565217391
110768.0 0.244565217391
110840.0 0.244565217391
110888.0 0.244565217391
110880.0 0.244565217391
110832.0 0.244565217391
110864.0 0.244565217391
110824.0 0.244565217391
110856.0 0.244565217391
110848.0 0.244565217391
110896.0 0.244565217391
110872.0 0.244565217391
110984.0 0.244565217391
110960.0 0.244565217391
111000.0 0.244565217391
110944.0 0.244565217391
111016.0 0.244565217391
110952.0 0.244565217391
111008.0 0.244565217391
110992.0 0.244565217391
110968.0 0.244565217391
110976.0 0.244565217391
111072.0 0.244565217391
110920.0 0.244565217391
111064.0 0.244565217391
110936.0 0.244565217391
110928.0 0.244565217391
111080.0 0.244565217391
111104.0 0.244565217391
111096.0 0.244565217391
111088.0 0.244565217391
111112.0 0.244565217391
111208.0 0.244565217391
111200.0 0.244565217391
111056.0 0.244565217391
111040.0 0.244565217391
111048.0 0.244565217391
111032.0 0.244565217391
111216.0 0.244565217391
111024.0 0.244565217391
111184.0 0.244565217391
111192.0 0.244565217391
111120.0 0.244565217391
111152.0 0.244565217391
111144.0 0.244565217391
111128.0 0.244565217391
111272.0 0.244565217391
111136.0 0.244565217391
111280.0 0.244565217391
111176.0 0.244565217391
111160.0 0.244565217391
111168.0 0.244565217391
111232.0 0.244565217391
111240.0 0.244565217391
111256.0 0.244565217391
111224.0 0.244565217391
111264.0 0.244565217391
111248.0 0.244565217391
110591.0 0.244565217391
110583.0 0.244565217391
110575.0 0.244565217391
110559.0 0.244565217391
110567.0 0.244565217391
110551.0 0.244565217391
110543.0 0.244565217391
110535.0 0.244565217391
110527.0 0.244565217391
110711.0 0.244565217391
110519.0 0.244565217391
110703.0 0.244565217391
110695.0 0.244565217391
110679.0 0.244565217391
110687.0 0.244565217391
110671.0 0.244565217391
110663.0 0.244565217391
110655.0 0.244565217391
110647.0 0.244565217391
110999.0 0.244565217391
110991.0 0.244565217391
110983.0 0.244565217391
124086.0 0.281702898551
110975.0 0.244565217391
110967.0 0.244565217391
110959.0 0.244565217391
124078.0 0.281702898551
110943.0 0.244565217391
110927.0 0.244565217391
110935.0 0.244565217391
111095.0 0.244565217391
124102.0 0.281702898551
111071.0 0.244565217391
124094.0 0.281702898551
111063.0 0.244565217391
111055.0 0.244565217391
111039.0 0.244565217391
111031.0 0.244565217391
111215.0 0.244565217391
111199.0 0.244565217391
111207.0 0.244565217391
111191.0 0.244565217391
111183.0 0.244565217391
111167.0 0.244565217391
111175.0 0.244565217391
124110.0 0.281702898551
111159.0 0.244565217391
111151.0 0.244565217391
111143.0 0.244565217391
111135.0 0.244565217391
111127.0 0.244565217391
111119.0 0.244565217391
111279.0 0.244565217391
111271.0 0.244565217391
111263.0 0.244565217391
111255.0 0.244565217391
111223.0 0.244565217391
110639.0 0.244565217391
110631.0 0.244565217391
110623.0 0.244565217391
110815.0 0.244565217391
110807.0 0.244565217391
110799.0 0.244565217391
110791.0 0.244565217391
110783.0 0.244565217391
110775.0 0.244565217391
110767.0 0.244565217391
110759.0 0.244565217391
110751.0 0.244565217391
110727.0 0.244565217391
110719.0 0.244565217391
110911.0 0.244565217391
110903.0 0.244565217391
110895.0 0.244565217391
110887.0 0.244565217391
110879.0 0.244565217391
110871.0 0.244565217391
110863.0 0.244565217391
110855.0 0.244565217391
110847.0 0.244565217391
110839.0 0.244565217391
110831.0 0.244565217391
110823.0 0.244565217391
111015.0 0.244565217391
111007.0 0.244565217391
111079.0 0.244565217391
111047.0 0.244565217391
111023.0 0.244565217391
124158.0 0.281702898551
111461.0 0.2734375
111462.0 0.2734375
111470.0 0.2734375
124118.0 0.281702898551
124126.0 0.281702898551
124134.0 0.281702898551
124150.0 0.281702898551
124142.0 0.281702898551
124166.0 0.281702898551
114288.0 0.280797101449
124174.0 0.281702898551
114619.0 0.280797101449
114626.0 0.280797101449
114639.0 0.280797101449
114646.0 0.280797101449
114659.0 0.280797101449
114666.0 0.280797101449
114679.0 0.280797101449
114686.0 0.280797101449
114299.0 0.280797101449
114306.0 0.280797101449
114319.0 0.280797101449
114326.0 0.280797101449
114339.0 0.280797101449
114346.0 0.280797101449
114359.0 0.280797101449
114366.0 0.280797101449
114379.0 0.280797101449
114386.0 0.280797101449
114399.0 0.280797101449
114406.0 0.280797101449
114419.0 0.280797101449
114426.0 0.280797101449
114439.0 0.280797101449
114446.0 0.280797101449
114459.0 0.280797101449
114466.0 0.280797101449
114479.0 0.280797101449
114486.0 0.280797101449
114499.0 0.280797101449
114506.0 0.280797101449
114519.0 0.280797101449
114526.0 0.280797101449
114539.0 0.280797101449
114546.0 0.280797101449
136685.0 0.278079710145
114559.0 0.280797101449
146772.0 0.293402777778
136680.0 0.278079710145
114566.0 0.280797101449
136663.0 0.278079710145
136699.0 0.278079710145
114579.0 0.280797101449
146773.0 0.293402777778
114586.0 0.280797101449
136735.0 0.278079710145
136708.0 0.278079710145
136715.0 0.278079710145
136694.0 0.278079710145
143332.0 0.278079710145
136669.0 0.278079710145
143337.0 0.278079710145
136649.0 0.278079710145
136654.0 0.278079710145
143363.0 0.278079710145
124270.0 0.281702898551
124278.0 0.281702898551
124294.0 0.281702898551
124302.0 0.281702898551
128266.0 0.281702898551
159329.0 0.264492753623
111540.0 0.280797101449
159333.0 0.264492753623
111537.0 0.280797101449
111534.0 0.280797101449
111531.0 0.280797101449
111528.0 0.280797101449
159381.0 0.264492753623
159312.0 0.264492753623
159318.0 0.264492753623
159298.0 0.264492753623
148706.0 0.279891304348
159379.0 0.264492753623
159303.0 0.264492753623
159376.0 0.264492753623
159278.0 0.264492753623
159374.0 0.264492753623
159285.0 0.264492753623
159354.0 0.264492753623
159267.0 0.264492753623
159271.0 0.264492753623
159256.0 0.264492753623
151134.0 0.292572463768
159361.0 0.264492753623
159260.0 0.264492753623
159247.0 0.264492753623
159242.0 0.264492753623
159345.0 0.264492753623
159229.0 0.264492753623
159222.0 0.264492753623
148713.0 0.279891304348
159213.0 0.264492753623
111549.0 0.280797101449
111546.0 0.280797101449
159208.0 0.264492753623
111543.0 0.280797101449
159426.0 0.264492753623
159421.0 0.264492753623
159423.0 0.264492753623
159414.0 0.264492753623
159410.0 0.264492753623
159405.0 0.264492753623
159402.0 0.264492753623
159394.0 0.264492753623
159397.0 0.264492753623
159391.0 0.264492753623
159389.0 0.264492753623
159386.0 0.264492753623
159384.0 0.264492753623
159340.0 0.264492753623
159188.0 0.264492753623
124182.0 0.281702898551
124190.0 0.281702898551
124198.0 0.281702898551
124214.0 0.281702898551
124206.0 0.281702898551
124230.0 0.281702898551
124222.0 0.281702898551
124238.0 0.281702898551
124246.0 0.281702898551
124262.0 0.281702898551
124254.0 0.281702898551
124286.0 0.281702898551
124310.0 0.281702898551
178424.0 0.276268115942
172527.0 0.248188405797
172530.0 0.248188405797
178430.0 0.276268115942
172526.0 0.248188405797
172529.0 0.248188405797
171467.0 0.249053030303
171468.0 0.247159090909
178501.0 0.276268115942
178507.0 0.276268115942
178441.0 0.276268115942
178448.0 0.276268115942
178384.0 0.276268115942
172354.0 0.263020833333
173571.0 0.25
172352.0 0.263020833333
181097.0 0.289855072464
172358.0 0.263020833333
172356.0 0.263020833333
172360.0 0.263020833333
172362.0 0.263020833333
172364.0 0.263020833333
181098.0 0.289855072464
172366.0 0.263020833333
172368.0 0.263020833333
172370.0 0.263020833333
172374.0 0.263020833333
172372.0 0.263020833333
178391.0 0.276268115942
172355.0 0.263020833333
173570.0 0.25
172353.0 0.263020833333
173569.0 0.25
131714.0 0.284722222222
128512.0 0.266927083333
131715.0 0.284722222222
166041.0 0.302631578947
130090.0 0.270833333333
129806.0 0.270833333333
128519.0 0.266927083333
128521.0 0.266927083333
128520.0 0.266927083333
128272.0 0.281702898551
128043.0 0.281702898551
128061.0 0.281702898551
128365.0 0.281702898551
128469.0 0.281702898551
128513.0 0.266927083333
129800.0 0.270833333333
128514.0 0.266927083333
128515.0 0.266927083333
130096.0 0.270833333333
130228.0 0.270833333333
130221.0 0.270833333333
130348.0 0.270833333333
128522.0 0.266927083333
129927.0 0.270833333333
129933.0 0.270833333333
130002.0 0.270833333333
130008.0 0.270833333333
129873.0 0.270833333333
129879.0 0.270833333333
129993.0 0.270833333333
129988.0 0.270833333333
129856.0 0.270833333333
129862.0 0.270833333333
130341.0 0.270833333333
127527.0 0.270833333333
127533.0 0.270833333333
127860.0 0.270833333333
127867.0 0.270833333333
127843.0 0.270833333333
127849.0 0.270833333333
127826.0 0.270833333333
127832.0 0.270833333333
131717.0 0.284722222222
127809.0 0.270833333333
127815.0 0.270833333333
127792.0 0.270833333333
127798.0 0.270833333333
127775.0 0.270833333333
127781.0 0.270833333333
127758.0 0.270833333333
127764.0 0.270833333333
127738.0 0.270833333333
127745.0 0.270833333333
127721.0 0.270833333333
127727.0 0.270833333333
127701.0 0.270833333333
127708.0 0.270833333333
127681.0 0.270833333333
127688.0 0.270833333333
127664.0 0.270833333333
127670.0 0.270833333333
127644.0 0.270833333333
127651.0 0.270833333333
127631.0 0.270833333333
127624.0 0.270833333333
127611.0 0.270833333333
127604.0 0.270833333333
127584.0 0.270833333333
127591.0 0.270833333333
127571.0 0.270833333333
127564.0 0.270833333333
127551.0 0.270833333333
130208.0 0.270833333333
130201.0 0.270833333333
151141.0 0.292572463768
148686.0 0.279891304348
148693.0 0.279891304348
172359.0 0.263020833333
172357.0 0.263020833333
181101.0 0.289855072464
131719.0 0.284722222222
166044.0 0.302631578947
166047.0 0.302631578947
166050.0 0.302631578947
131716.0 0.284722222222
131718.0 0.284722222222
130381.0 0.270833333333
130388.0 0.270833333333
130281.0 0.270833333333
130288.0 0.270833333333
130328.0 0.270833333333
130321.0 0.270833333333
130079.0 0.270833333333
130073.0 0.270833333333
130268.0 0.270833333333
130261.0 0.270833333333
131721.0 0.284722222222
130171.0 0.270833333333
130164.0 0.270833333333
130107.0 0.270833333333
130114.0 0.270833333333
130190.0 0.270833333333
130184.0 0.270833333333
130127.0 0.270833333333
130134.0 0.270833333333
130361.0 0.270833333333
130368.0 0.270833333333
130301.0 0.270833333333
130308.0 0.270833333333
130248.0 0.270833333333
130241.0 0.270833333333
129847.0 0.270833333333
129842.0 0.270833333333
129831.0 0.270833333333
129835.0 0.270833333333
129944.0 0.270833333333
129948.0 0.270833333333
143687.0 0.291666666667
129916.0 0.270833333333
129910.0 0.270833333333
143689.0 0.291666666667
129783.0 0.270833333333
129789.0 0.270833333333
130019.0 0.270833333333
130026.0 0.270833333333
129817.0 0.270833333333
129822.0 0.270833333333
129970.0 0.270833333333
129966.0 0.270833333333
128778.0 0.284722222222
168629.0 0.271739130435
168600.0 0.271739130435
168602.0 0.271739130435
168504.0 0.271739130435
168499.0 0.271739130435
131723.0 0.284722222222
136110.0 0.284722222222
131725.0 0.284722222222
131726.0 0.284722222222
131729.0 0.284722222222
131731.0 0.284722222222
131733.0 0.284722222222
131735.0 0.284722222222
136629.0 0.278079710145
131737.0 0.284722222222
131739.0 0.284722222222
131741.0 0.284722222222
136115.0 0.291666666667
131742.0 0.284722222222
131745.0 0.284722222222
131747.0 0.284722222222
143196.0 0.278079710145
181102.0 0.289855072464
131720.0 0.284722222222
131722.0 0.284722222222
136109.0 0.284722222222
131724.0 0.284722222222
131727.0 0.284722222222
131728.0 0.284722222222
131730.0 0.284722222222
131732.0 0.284722222222
131734.0 0.284722222222
131736.0 0.284722222222
131738.0 0.284722222222
131740.0 0.284722222222
131743.0 0.284722222222
136116.0 0.291666666667
131744.0 0.284722222222
131746.0 0.284722222222
143368.0 0.278079710145
143191.0 0.278079710145
143270.0 0.278079710145
148926.0 0.279891304348
149006.0 0.279891304348
150901.0 0.292572463768
150894.0 0.292572463768
149433.0 0.297743055556
148933.0 0.279891304348
149013.0 0.279891304348
148986.0 0.279891304348
148993.0 0.279891304348
168566.0 0.271739130435
148966.0 0.279891304348
178310.0 0.276268115942
132597.0 0.270833333333
159195.0 0.264492753623
148973.0 0.279891304348
173568.0 0.25
132604.0 0.270833333333
132617.0 0.270833333333
132624.0 0.270833333333
172361.0 0.263020833333
132637.0 0.270833333333
132643.0 0.270833333333
132654.0 0.270833333333
132660.0 0.270833333333
132671.0 0.270833333333
132676.0 0.270833333333
132685.0 0.270833333333
132691.0 0.270833333333
132702.0 0.270833333333
132709.0 0.270833333333
132722.0 0.270833333333
132728.0 0.270833333333
132739.0 0.270833333333
132746.0 0.270833333333
132759.0 0.270833333333
132766.0 0.270833333333
132779.0 0.270833333333
132786.0 0.270833333333
132799.0 0.270833333333
132803.0 0.270833333333
132810.0 0.270833333333
132814.0 0.270833333333
132821.0 0.270833333333
132827.0 0.270833333333
132838.0 0.270833333333
132845.0 0.270833333333
131748.0 0.284722222222
131754.0 0.284722222222
132858.0 0.270833333333
131750.0 0.284722222222
131757.0 0.284722222222
132861.0 0.270833333333
132866.0 0.270833333333
131751.0 0.284722222222
172363.0 0.263020833333
132870.0 0.270833333333
131753.0 0.284722222222
136113.0 0.291666666667
132877.0 0.270833333333
131752.0 0.284722222222
136114.0 0.291666666667
132882.0 0.270833333333
131749.0 0.284722222222
132891.0 0.270833333333
132894.0 0.270833333333
132899.0 0.270833333333
132902.0 0.270833333333
131755.0 0.284722222222
148946.0 0.279891304348
148953.0 0.279891304348
148786.0 0.279891304348
148793.0 0.279891304348
136130.0 0.291666666667
136121.0 0.284722222222
143253.0 0.278079710145
143276.0 0.278079710145
143205.0 0.278079710145
143210.0 0.278079710145
143315.0 0.278079710145
143321.0 0.278079710145
143377.0 0.278079710145
143219.0 0.278079710145
143352.0 0.278079710145
143287.0 0.278079710145
168624.0 0.271739130435
136517.0 0.278079710145
143301.0 0.278079710145
143306.0 0.278079710145
151094.0 0.292572463768
142365.0 0.278079710145
142319.0 0.278079710145
143259.0 0.278079710145
136118.0 0.284722222222
151101.0 0.292572463768
173563.0 0.25
143292.0 0.278079710145
136124.0 0.284722222222
143384.0 0.278079710145
142375.0 0.278079710145
148766.0 0.279891304348
143346.0 0.278079710145
159177.0 0.264492753623
168562.0 0.271739130435
168621.0 0.271739130435
143233.0 0.278079710145
168486.0 0.271739130435
168519.0 0.271739130435
143224.0 0.278079710145
172365.0 0.263020833333
168483.0 0.271739130435
168513.0 0.271739130435
136636.0 0.278079710145
138494.0 0.291666666667
138496.0 0.291666666667
138498.0 0.291666666667
137801.0 0.278079710145
159163.0 0.264492753623
137808.0 0.278079710145
138502.0 0.291666666667
138504.0 0.291666666667
137781.0 0.278079710145
138508.0 0.291666666667
137788.0 0.278079710145
138510.0 0.291666666667
159168.0 0.264492753623
138514.0 0.291666666667
138516.0 0.291666666667
150994.0 0.292572463768
151001.0 0.292572463768
138520.0 0.291666666667
138522.0 0.291666666667
159152.0 0.264492753623
159181.0 0.264492753623
159156.0 0.264492753623
138526.0 0.291666666667
138528.0 0.291666666667
138530.0 0.291666666667
138532.0 0.291666666667
138534.0 0.291666666667
138536.0 0.291666666667
138538.0 0.291666666667
138540.0 0.291666666667
181105.0 0.289855072464
136609.0 0.278079710145
159142.0 0.264492753623
136616.0 0.278079710145
136595.0 0.278079710145
136600.0 0.278079710145
159430.0 0.264492753623
143240.0 0.278079710145
136578.0 0.278079710145
136584.0 0.278079710145
159424.0 0.264492753623
136561.0 0.278079710145
159422.0 0.264492753623
136567.0 0.278079710145
143831.0 0.291666666667
136544.0 0.278079710145
159411.0 0.264492753623
136550.0 0.278079710145
136530.0 0.278079710145
151234.0 0.292572463768
136535.0 0.278079710145
151241.0 0.292572463768
137768.0 0.278079710145
137761.0 0.278079710145
151121.0 0.292572463768
137741.0 0.278079710145
137748.0 0.278079710145
151114.0 0.292572463768
137728.0 0.278079710145
137708.0 0.278079710145
137681.0 0.278079710145
137688.0 0.278079710145
151221.0 0.292572463768
137721.0 0.278079710145
151214.0 0.292572463768
137701.0 0.278079710145
148773.0 0.279891304348
148746.0 0.279891304348
148753.0 0.279891304348
148906.0 0.279891304348
148913.0 0.279891304348
148886.0 0.279891304348
148893.0 0.279891304348
148866.0 0.279891304348
148873.0 0.279891304348
148853.0 0.279891304348
148813.0 0.279891304348
148846.0 0.279891304348
148806.0 0.279891304348
168463.0 0.271739130435
147982.0 0.293402777778
148025.0 0.293402777778
159398.0 0.264492753623
159355.0 0.264492753623
159395.0 0.264492753623
159390.0 0.264492753623
151174.0 0.292572463768
151054.0 0.292572463768
151261.0 0.292572463768
151254.0 0.292572463768
150974.0 0.292572463768
159392.0 0.264492753623
148726.0 0.279891304348
148733.0 0.279891304348
149046.0 0.279891304348
159362.0 0.264492753623
149053.0 0.279891304348
149026.0 0.279891304348
161526.0 0.278645833333
161525.0 0.278645833333
161528.0 0.278645833333
149033.0 0.279891304348
148826.0 0.279891304348
161527.0 0.278645833333
148833.0 0.279891304348
159385.0 0.264492753623
161530.0 0.278645833333
159387.0 0.264492753623
161529.0 0.278645833333
159382.0 0.264492753623
161532.0 0.278645833333
159380.0 0.264492753623
161531.0 0.278645833333
181106.0 0.289855072464
161534.0 0.278645833333
168541.0 0.271739130435
168616.0 0.271739130435
168592.0 0.271739130435
168470.0 0.271739130435
168557.0 0.271739130435
168538.0 0.271739130435
168613.0 0.271739130435
168595.0 0.271739130435
168554.0 0.271739130435
147981.0 0.293402777778
159415.0 0.264492753623
159403.0 0.264492753623
159406.0 0.264492753623
159377.0 0.264492753623
161533.0 0.278645833333
151181.0 0.292572463768
151061.0 0.292572463768
150981.0 0.292572463768
168494.0 0.271739130435
159375.0 0.264492753623
161536.0 0.278645833333
161535.0 0.278645833333
161538.0 0.278645833333
161537.0 0.278645833333
181109.0 0.289855072464
135992.0 0.278079710145
135999.0 0.278079710145
172369.0 0.263020833333
142370.0 0.278079710145
135854.0 0.278079710145
172367.0 0.263020833333
181110.0 0.289855072464
135856.0 0.278079710145
142373.0 0.278079710145
178347.0 0.276268115942
173562.0 0.25
135859.0 0.278079710145
178353.0 0.276268115942
142346.0 0.278079710145
135862.0 0.278079710145
135867.0 0.278079710145
135869.0 0.278079710145
135872.0 0.278079710145
135874.0 0.278079710145
178575.0 0.276268115942
172375.0 0.263020833333
135877.0 0.278079710145
172373.0 0.263020833333
178316.0 0.276268115942
135880.0 0.278079710145
172371.0 0.263020833333
172297.0 0.263020833333
135885.0 0.278079710145
135888.0 0.278079710145
135893.0 0.278079710145
135896.0 0.278079710145
135901.0 0.278079710145
138524.0 0.291666666667
135904.0 0.278079710145
135909.0 0.278079710145
138518.0 0.291666666667
138512.0 0.291666666667
135914.0 0.278079710145
138506.0 0.291666666667
135923.0 0.278079710145
135925.0 0.278079710145
138500.0 0.291666666667
135928.0 0.278079710145
161539.0 0.278645833333
161540.0 0.278645833333
135933.0 0.278079710145
135942.0 0.278079710145
178582.0 0.276268115942
135813.0 0.278079710145
135816.0 0.278079710145
135846.0 0.278079710145
165889.0 0.263586956522
135849.0 0.278079710145
165920.0 0.263586956522
135780.0 0.278079710145
165872.0 0.263586956522
165906.0 0.263586956522
165928.0 0.263586956522
135784.0 0.278079710145
172309.0 0.263020833333
165895.0 0.263586956522
172313.0 0.263020833333
135826.0 0.278079710145
172301.0 0.263020833333
172311.0 0.263020833333
135828.0 0.278079710145
172299.0 0.263020833333
172303.0 0.263020833333
172315.0 0.263020833333
172305.0 0.263020833333
172317.0 0.263020833333
172321.0 0.263020833333
165923.0 0.263586956522
138829.0 0.291666666667
172295.0 0.263020833333
172307.0 0.263020833333
172319.0 0.263020833333
138827.0 0.291666666667
172323.0 0.263020833333
138825.0 0.291666666667
172325.0 0.263020833333
165911.0 0.263586956522
172329.0 0.263020833333
138823.0 0.291666666667
165931.0 0.263586956522
165936.0 0.263586956522
165944.0 0.263586956522
165952.0 0.263586956522
165878.0 0.263586956522
165939.0 0.263586956522
161546.0 0.278645833333
161549.0 0.278645833333
161551.0 0.278645833333
167100.0 0.292534722222
151400.0 0.264492753623
161547.0 0.278645833333
161550.0 0.278645833333
161553.0 0.278645833333
167101.0 0.292534722222
146245.0 0.291666666667
146246.0 0.291666666667
146247.0 0.291666666667
146248.0 0.291666666667
161554.0 0.278645833333
167114.0 0.292534722222
167115.0 0.292534722222
158631.0 0.264492753623
172327.0 0.263020833333
158632.0 0.264492753623
172331.0 0.263020833333
161541.0 0.278645833333
161542.0 0.278645833333
161543.0 0.278645833333
161544.0 0.278645833333
161545.0 0.278645833333
161548.0 0.278645833333
161552.0 0.278645833333
178538.0 0.276268115942
168491.0 0.271739130435
172333.0 0.263020833333
136510.0 0.278079710145
142360.0 0.278079710145
168530.0 0.271739130435
168575.0 0.271739130435
168573.0 0.271739130435
137661.0 0.278079710145
137668.0 0.278079710145
137648.0 0.278079710145
137641.0 0.278079710145
168533.0 0.271739130435
168549.0 0.271739130435
137628.0 0.278079710145
137621.0 0.278079710145
137608.0 0.278079710145
137601.0 0.278079710145
137581.0 0.278079710145
137588.0 0.278079710145
137568.0 0.278079710145
137561.0 0.278079710145
137541.0 0.278079710145
137548.0 0.278079710145
137528.0 0.278079710145
137521.0 0.278079710145
137501.0 0.278079710145
137508.0 0.278079710145
137481.0 0.278079710145
137488.0 0.278079710145
168546.0 0.271739130435
137468.0 0.278079710145
137461.0 0.278079710145
143691.0 0.291666666667
137441.0 0.278079710145
137448.0 0.278079710145
137428.0 0.278079710145
137421.0 0.278079710145
137401.0 0.278079710145
137408.0 0.278079710145
150807.0 0.291666666667
168578.0 0.271739130435
150800.0 0.291666666667
137381.0 0.278079710145
137388.0 0.278079710145
168583.0 0.271739130435
150570.0 0.291666666667
168492.0 0.271739130435
143981.0 0.291666666667
165879.0 0.263586956522
168495.0 0.271739130435
143819.0 0.291666666667
143820.0 0.291666666667
168563.0 0.271739130435
168567.0 0.271739130435
165956.0 0.263586956522
150752.0 0.291666666667
150746.0 0.291666666667
150846.0 0.291666666667
150564.0 0.291666666667
150840.0 0.291666666667
165873.0 0.263586956522
168500.0 0.271739130435
141604.0 0.291666666667
141606.0 0.291666666667
160634.0 0.264492753623
141608.0 0.291666666667
141610.0 0.291666666667
150863.0 0.291666666667
160642.0 0.264492753623
150857.0 0.291666666667
168505.0 0.271739130435
160666.0 0.264492753623
160674.0 0.264492753623
178544.0 0.276268115942
160698.0 0.264492753623
160706.0 0.264492753623
143656.0 0.278079710145
160730.0 0.264492753623
168574.0 0.271739130435
160714.0 0.264492753623
150709.0 0.291666666667
168576.0 0.271739130435
160722.0 0.264492753623
150716.0 0.291666666667
160746.0 0.264492753623
143693.0 0.291666666667
150551.0 0.291666666667
150827.0 0.291666666667
159341.0 0.264492753623
165947.0 0.263586956522
150692.0 0.291666666667
150544.0 0.291666666667
150820.0 0.291666666667
150641.0 0.291666666667
140033.0 0.278079710145
140037.0 0.278079710145
140159.0 0.278079710145
150635.0 0.291666666667
150698.0 0.291666666667
142333.0 0.278079710145
142338.0 0.278079710145
142354.0 0.278079710145
142359.0 0.278079710145
141982.0 0.278079710145
141987.0 0.278079710145
142122.0 0.278079710145
142036.0 0.278079710145
142038.0 0.278079710145
142134.0 0.278079710145
142064.0 0.278079710145
142146.0 0.278079710145
142081.0 0.278079710145
141973.0 0.278079710145
141991.0 0.278079710145
142065.0 0.278079710145
142079.0 0.278079710145
142140.0 0.278079710145
142143.0 0.278079710145
142010.0 0.278079710145
142026.0 0.278079710145
168614.0 0.271739130435
142108.0 0.278079710145
142111.0 0.278079710145
142004.0 0.278079710145
142015.0 0.278079710145
142060.0 0.278079710145
142063.0 0.278079710145
142113.0 0.278079710145
142124.0 0.278079710145
141723.0 0.278079710145
141729.0 0.278079710145
142216.0 0.278079710145
142220.0 0.278079710145
142132.0 0.278079710145
142133.0 0.278079710145
142049.0 0.278079710145
142057.0 0.278079710145
142007.0 0.278079710145
142009.0 0.278079710145
141750.0 0.278079710145
141757.0 0.278079710145
142085.0 0.278079710145
142086.0 0.278079710145
141770.0 0.278079710145
141772.0 0.278079710145
141778.0 0.278079710145
141780.0 0.278079710145
142029.0 0.278079710145
142031.0 0.278079710145
142016.0 0.278079710145
142017.0 0.278079710145
142089.0 0.278079710145
142102.0 0.278079710145
172337.0 0.263020833333
172335.0 0.263020833333
150618.0 0.291666666667
150624.0 0.291666666667
150652.0 0.291666666667
150659.0 0.291666666667
150769.0 0.291666666667
150581.0 0.291666666667
150729.0 0.291666666667
150735.0 0.291666666667
150780.0 0.291666666667
143815.0 0.291666666667
143816.0 0.291666666667
143811.0 0.291666666667
143812.0 0.291666666667
143986.0 0.291666666667
143985.0 0.291666666667
143984.0 0.291666666667
143983.0 0.291666666667
143982.0 0.291666666667
143813.0 0.291666666667
143814.0 0.291666666667
150763.0 0.291666666667
150588.0 0.291666666667
150787.0 0.291666666667
165948.0 0.263586956522
143828.0 0.291666666667
143822.0 0.291666666667
150672.0 0.291666666667
150679.0 0.291666666667
143663.0 0.278079710145
143414.0 0.278079710145
143421.0 0.278079710145
143639.0 0.278079710145
143645.0 0.278079710145
143548.0 0.278079710145
143554.0 0.278079710145
143602.0 0.278079710145
143608.0 0.278079710145
143474.0 0.278079710145
143480.0 0.278079710145
143491.0 0.278079710145
143498.0 0.278079710145
143619.0 0.278079710145
143572.0 0.278079710145
143565.0 0.278079710145
143511.0 0.278079710145
143517.0 0.278079710145
143626.0 0.278079710145
143585.0 0.278079710145
143591.0 0.278079710145
143397.0 0.278079710145
143817.0 0.291666666667
143818.0 0.291666666667
143403.0 0.278079710145
143434.0 0.278079710145
143441.0 0.278079710145
143454.0 0.278079710145
143461.0 0.278079710145
149242.0 0.3046875
143528.0 0.278079710145
149243.0 0.3046875
143535.0 0.278079710145
168601.0 0.271739130435
165932.0 0.263586956522
160754.0 0.264492753623
160810.0 0.264492753623
160762.0 0.264492753623
160858.0 0.264492753623
160866.0 0.264492753623
160898.0 0.264492753623
160914.0 0.264492753623
160970.0 0.264492753623
161026.0 0.264492753623
144114.0 0.291666666667
144115.0 0.291666666667
144116.0 0.291666666667
144117.0 0.291666666667
144122.0 0.291666666667
144119.0 0.291666666667
168617.0 0.271739130435
160738.0 0.264492753623
160778.0 0.264492753623
160770.0 0.264492753623
160882.0 0.264492753623
160826.0 0.264492753623
160938.0 0.264492753623
161002.0 0.264492753623
161010.0 0.264492753623
161066.0 0.264492753623
149238.0 0.3046875
144208.0 0.278079710145
144211.0 0.278079710145
144214.0 0.278079710145
144217.0 0.278079710145
160842.0 0.264492753623
160850.0 0.264492753623
160922.0 0.264492753623
160962.0 0.264492753623
160994.0 0.264492753623
161042.0 0.264492753623
149239.0 0.3046875
149257.0 0.3046875
144196.0 0.278079710145
144199.0 0.278079710145
144202.0 0.278079710145
144205.0 0.278079710145
160802.0 0.264492753623
160834.0 0.264492753623
160890.0 0.264492753623
160906.0 0.264492753623
160978.0 0.264492753623
160986.0 0.264492753623
161074.0 0.264492753623
149234.0 0.3046875
149245.0 0.3046875
145988.0 0.279891304348
145992.0 0.279891304348
146007.0 0.279891304348
146067.0 0.279891304348
150607.0 0.291666666667
150601.0 0.291666666667
168603.0 0.271739130435
165940.0 0.263586956522
160786.0 0.264492753623
160794.0 0.264492753623
160818.0 0.264492753623
160874.0 0.264492753623
160930.0 0.264492753623
160946.0 0.264492753623
160954.0 0.264492753623
161018.0 0.264492753623
161058.0 0.264492753623
149235.0 0.3046875
149251.0 0.3046875
145980.0 0.279891304348
145983.0 0.279891304348
146056.0 0.279891304348
161139.0 0.264492753623
146060.0 0.279891304348
161131.0 0.264492753623
145961.0 0.279891304348
145964.0 0.279891304348
145969.0 0.279891304348
145973.0 0.279891304348
146011.0 0.279891304348
146069.0 0.279891304348
146034.0 0.279891304348
146039.0 0.279891304348
146031.0 0.279891304348
146029.0 0.279891304348
146072.0 0.279891304348
146075.0 0.279891304348
146018.0 0.278985507246
146022.0 0.279891304348
145999.0 0.279891304348
146002.0 0.279891304348
146048.0 0.279891304348
146051.0 0.279891304348
161155.0 0.264492753623
159346.0 0.264492753623
159304.0 0.264492753623
159279.0 0.264492753623
161147.0 0.264492753623
161027.0 0.264492753623
161019.0 0.264492753623
159286.0 0.264492753623
159330.0 0.264492753623
159334.0 0.264492753623
159268.0 0.264492753623
159313.0 0.264492753623
159272.0 0.264492753623
159257.0 0.264492753623
159319.0 0.264492753623
159261.0 0.264492753623
159243.0 0.264492753623
159299.0 0.264492753623
159248.0 0.264492753623
159223.0 0.264492753623
159146.0 0.264492753623
145768.0 0.279891304348
145788.0 0.279891304348
145908.0 0.279891304348
145761.0 0.279891304348
145781.0 0.279891304348
159230.0 0.264492753623
145521.0 0.279891304348
145528.0 0.279891304348
145901.0 0.279891304348
145701.0 0.279891304348
145708.0 0.279891304348
145581.0 0.279891304348
145588.0 0.279891304348
145561.0 0.279891304348
145568.0 0.279891304348
145841.0 0.279891304348
145848.0 0.279891304348
145641.0 0.279891304348
145648.0 0.279891304348
145941.0 0.279891304348
145948.0 0.279891304348
145881.0 0.279891304348
145888.0 0.279891304348
145601.0 0.279891304348
145608.0 0.279891304348
145821.0 0.279891304348
145828.0 0.279891304348
145741.0 0.279891304348
145748.0 0.279891304348
145681.0 0.279891304348
145688.0 0.279891304348
145628.0 0.279891304348
145921.0 0.279891304348
145928.0 0.279891304348
145861.0 0.279891304348
145868.0 0.279891304348
145801.0 0.279891304348
145808.0 0.279891304348
145721.0 0.279891304348
145728.0 0.279891304348
145661.0 0.279891304348
145668.0 0.279891304348
145541.0 0.279891304348
145548.0 0.279891304348
166409.0 0.274456521739
166430.0 0.274456521739
166446.0 0.274456521739
166455.0 0.274456521739
166472.0 0.274456521739
166486.0 0.274456521739
166500.0 0.274456521739
166514.0 0.274456521739
166528.0 0.274456521739
166545.0 0.274456521739
146469.0 0.279891304348
146475.0 0.279891304348
146472.0 0.279891304348
146478.0 0.279891304348
168630.0 0.271739130435
168622.0 0.271739130435
168625.0 0.271739130435
168542.0 0.271739130435
167392.0 0.278985507246
146466.0 0.279891304348
146463.0 0.279891304348
146457.0 0.279891304348
146460.0 0.279891304348
159209.0 0.264492753623
159214.0 0.264492753623
159189.0 0.264492753623
159196.0 0.264492753623
159178.0 0.264492753623
159182.0 0.264492753623
159164.0 0.264492753623
159169.0 0.264492753623
159153.0 0.264492753623
159157.0 0.264492753623
166394.0 0.274456521739
167395.0 0.278985507246
166419.0 0.274456521739
168606.0 0.271739130435
168609.0 0.271739130435
168634.0 0.271739130435
168539.0 0.271739130435
168593.0 0.271739130435
167439.0 0.278985507246
166562.0 0.274456521739
167340.0 0.278985507246
167315.0 0.278985507246
166582.0 0.274456521739
167345.0 0.278985507246
167319.0 0.278985507246
166599.0 0.274456521739
167435.0 0.278985507246
167269.0 0.278985507246
166461.0 0.274456521739
167450.0 0.278985507246
167265.0 0.278985507246
166477.0 0.274456521739
167446.0 0.278985507246
167326.0 0.278985507246
166491.0 0.274456521739
167420.0 0.278985507246
167331.0 0.278985507246
166505.0 0.274456521739
167416.0 0.278985507246
167408.0 0.278985507246
166519.0 0.274456521739
167411.0 0.278985507246
166534.0 0.274456521739
167304.0 0.278985507246
167384.0 0.278985507246
166569.0 0.274456521739
167308.0 0.278985507246
167387.0 0.278985507246
166515.0 0.274456521739
166520.0 0.274456521739
165955.0 0.263586956522
165953.0 0.263586956522
165945.0 0.263586956522
165937.0 0.263586956522
165929.0 0.263586956522
165921.0 0.263586956522
165907.0 0.263586956522
165912.0 0.263586956522
165890.0 0.263586956522
165609.0 0.263586956522
165592.0 0.263586956522
165629.0 0.263586956522
165643.0 0.263586956522
165674.0 0.263586956522
165657.0 0.263586956522
165711.0 0.263586956522
165694.0 0.263586956522
165751.0 0.263586956522
165731.0 0.263586956522
165768.0 0.263586956522
165782.0 0.263586956522
165799.0 0.263586956522
165813.0 0.263586956522
165827.0 0.263586956522
165841.0 0.263586956522
165616.0 0.263586956522
165598.0 0.263586956522
165648.0 0.263586956522
165634.0 0.263586956522
165681.0 0.263586956522
165663.0 0.263586956522
165700.0 0.263586956522
165718.0 0.263586956522
165757.0 0.263586956522
165738.0 0.263586956522
165773.0 0.263586956522
165788.0 0.263586956522
165804.0 0.263586956522
165818.0 0.263586956522
165832.0 0.263586956522
165847.0 0.263586956522
165842.0 0.263586956522
165828.0 0.263586956522
165814.0 0.263586956522
165800.0 0.263586956522
165783.0 0.263586956522
165789.0 0.263586956522
165769.0 0.263586956522
165774.0 0.263586956522
165752.0 0.263586956522
165758.0 0.263586956522
165732.0 0.263586956522
165739.0 0.263586956522
165712.0 0.263586956522
165719.0 0.263586956522
172341.0 0.263020833333
161322.0 0.264492753623
161323.0 0.264492753623
167430.0 0.278985507246
167276.0 0.278985507246
166551.0 0.274456521739
167427.0 0.278985507246
167280.0 0.278985507246
166588.0 0.274456521739
167373.0 0.278985507246
166417.0 0.274456521739
166420.0 0.274456521739
166600.0 0.274456521739
166546.0 0.274456521739
166552.0 0.274456521739
166473.0 0.274456521739
166478.0 0.274456521739
161555.0 0.285326086957
161582.0 0.277777777778
161584.0 0.277777777778
161585.0 0.277777777778
161050.0 0.264492753623
161034.0 0.264492753623
161106.0 0.264492753623
161130.0 0.264492753623
161082.0 0.264492753623
161138.0 0.264492753623
161098.0 0.264492753623
161090.0 0.264492753623
161114.0 0.264492753623
161122.0 0.264492753623
161202.0 0.264492753623
161186.0 0.264492753623
161170.0 0.264492753623
161194.0 0.264492753623
161162.0 0.264492753623
161154.0 0.264492753623
161146.0 0.264492753623
161178.0 0.264492753623
161242.0 0.264492753623
161226.0 0.264492753623
161250.0 0.264492753623
161210.0 0.264492753623
161258.0 0.264492753623
161234.0 0.264492753623
161266.0 0.264492753623
161218.0 0.264492753623
161306.0 0.264492753623
161330.0 0.264492753623
161274.0 0.264492753623
161290.0 0.264492753623
161282.0 0.264492753623
161298.0 0.264492753623
161346.0 0.264492753623
161314.0 0.264492753623
160626.0 0.264492753623
160618.0 0.264492753623
160594.0 0.264492753623
160602.0 0.264492753623
160586.0 0.264492753623
160610.0 0.264492753623
160643.0 0.264492753623
160635.0 0.264492753623
160659.0 0.264492753623
160667.0 0.264492753623
160675.0 0.264492753623
160691.0 0.264492753623
160683.0 0.264492753623
160707.0 0.264492753623
160699.0 0.264492753623
160715.0 0.264492753623
160723.0 0.264492753623
160731.0 0.264492753623
160739.0 0.264492753623
160747.0 0.264492753623
160755.0 0.264492753623
160763.0 0.264492753623
160771.0 0.264492753623
160779.0 0.264492753623
160787.0 0.264492753623
160795.0 0.264492753623
160803.0 0.264492753623
160811.0 0.264492753623
160819.0 0.264492753623
160835.0 0.264492753623
160827.0 0.264492753623
160851.0 0.264492753623
160843.0 0.264492753623
160859.0 0.264492753623
160867.0 0.264492753623
160875.0 0.264492753623
160883.0 0.264492753623
160891.0 0.264492753623
160899.0 0.264492753623
160915.0 0.264492753623
160907.0 0.264492753623
161171.0 0.264492753623
161163.0 0.264492753623
161179.0 0.264492753623
161187.0 0.264492753623
161203.0 0.264492753623
161195.0 0.264492753623
161211.0 0.264492753623
161219.0 0.264492753623
161235.0 0.264492753623
161227.0 0.264492753623
161243.0 0.264492753623
161251.0 0.264492753623
161259.0 0.264492753623
161267.0 0.264492753623
161275.0 0.264492753623
161283.0 0.264492753623
161299.0 0.264492753623
161291.0 0.264492753623
161307.0 0.264492753623
161315.0 0.264492753623
161331.0 0.264492753623
161339.0 0.264492753623
161347.0 0.264492753623
160587.0 0.264492753623
160595.0 0.264492753623
160603.0 0.264492753623
160611.0 0.264492753623
160619.0 0.264492753623
160627.0 0.264492753623
160931.0 0.264492753623
160923.0 0.264492753623
160947.0 0.264492753623
160939.0 0.264492753623
160963.0 0.264492753623
160955.0 0.264492753623
160979.0 0.264492753623
160971.0 0.264492753623
160987.0 0.264492753623
160995.0 0.264492753623
161003.0 0.264492753623
161011.0 0.264492753623
161043.0 0.264492753623
161035.0 0.264492753623
161059.0 0.264492753623
161051.0 0.264492753623
172349.0 0.263020833333
165695.0 0.263586956522
178404.0 0.276268115942
165701.0 0.263586956522
172343.0 0.263020833333
172347.0 0.263020833333
165675.0 0.263586956522
172298.0 0.263020833333
172339.0 0.263020833333
172345.0 0.263020833333
172296.0 0.263020833333
172300.0 0.263020833333
172304.0 0.263020833333
165682.0 0.263586956522
165658.0 0.263586956522
165664.0 0.263586956522
165644.0 0.263586956522
165649.0 0.263586956522
165630.0 0.263586956522
165635.0 0.263586956522
165610.0 0.263586956522
165617.0 0.263586956522
165593.0 0.263586956522
165599.0 0.263586956522
165805.0 0.263586956522
165848.0 0.263586956522
165833.0 0.263586956522
165819.0 0.263586956522
172302.0 0.263020833333
166583.0 0.274456521739
166589.0 0.274456521739
166529.0 0.274456521739
166535.0 0.274456521739
166381.0 0.274456521739
166384.0 0.274456521739
166425.0 0.274456521739
166431.0 0.274456521739
166389.0 0.274456521739
166395.0 0.274456521739
166442.0 0.274456521739
166447.0 0.274456521739
166456.0 0.274456521739
166462.0 0.274456521739
166356.0 0.274456521739
166361.0 0.274456521739
166501.0 0.274456521739
166506.0 0.274456521739
166370.0 0.274456521739
166374.0 0.274456521739
166406.0 0.274456521739
166410.0 0.274456521739
166487.0 0.274456521739
166492.0 0.274456521739
166563.0 0.274456521739
166570.0 0.274456521739
166605.0 0.274456521739
168555.0 0.271739130435
166606.0 0.274456521739
172306.0 0.263020833333
172308.0 0.263020833333
178411.0 0.276268115942
178518.0 0.276268115942
167377.0 0.278985507246
167365.0 0.278985507246
167368.0 0.278985507246
167287.0 0.278985507246
167293.0 0.278985507246
167400.0 0.278985507246
167403.0 0.278985507246
167354.0 0.278985507246
167358.0 0.278985507246
167393.0 0.278985507246
167396.0 0.278985507246
167436.0 0.278985507246
167440.0 0.278985507246
167341.0 0.278985507246
167346.0 0.278985507246
167447.0 0.278985507246
167451.0 0.278985507246
167417.0 0.278985507246
167421.0 0.278985507246
167305.0 0.278985507246
167309.0 0.278985507246
167428.0 0.278985507246
167431.0 0.278985507246
167316.0 0.278985507246
167320.0 0.278985507246
167266.0 0.278985507246
167270.0 0.278985507246
167327.0 0.278985507246
167332.0 0.278985507246
167409.0 0.278985507246
167412.0 0.278985507246
167385.0 0.278985507246
167388.0 0.278985507246
167277.0 0.278985507246
167281.0 0.278985507246
167374.0 0.278985507246
167378.0 0.278985507246
167366.0 0.278985507246
167369.0 0.278985507246
167288.0 0.278985507246
167294.0 0.278985507246
167401.0 0.278985507246
167404.0 0.278985507246
167355.0 0.278985507246
167359.0 0.278985507246
168596.0 0.271739130435
168547.0 0.271739130435
168550.0 0.271739130435
168484.0 0.271739130435
168487.0 0.271739130435
168558.0 0.271739130435
168464.0 0.271739130435
168471.0 0.271739130435
168531.0 0.271739130435
169277.0 0.292534722222
168534.0 0.271739130435
172312.0 0.263020833333
168514.0 0.271739130435
168520.0 0.271739130435
168579.0 0.271739130435
168584.0 0.271739130435
172314.0 0.263020833333
172316.0 0.263020833333
172318.0 0.263020833333
172310.0 0.263020833333
178555.0 0.276268115942
169681.0 0.292534722222
169278.0 0.292534722222
178525.0 0.276268115942
178562.0 0.276268115942
169279.0 0.292534722222
169280.0 0.292534722222
181079.0 0.289855072464
181122.0 0.289855072464
181080.0 0.289855072464
181083.0 0.289855072464
172608.0 0.26902173913
178488.0 0.276268115942
181084.0 0.289855072464
181087.0 0.289855072464
178257.0 0.276268115942
181088.0 0.289855072464
172344.0 0.263020833333
172348.0 0.263020833333
151727.0 0.271739130435
181508.0 0.289855072464
151730.0 0.271739130435
151733.0 0.271739130435
172350.0 0.263020833333
151736.0 0.271739130435
178461.0 0.276268115942
151715.0 0.271739130435
178371.0 0.276268115942
151718.0 0.271739130435
151721.0 0.271739130435
151724.0 0.271739130435
172548.0 0.25
172346.0 0.263020833333
172552.0 0.279166666667
172320.0 0.263020833333
172322.0 0.263020833333
172326.0 0.263020833333
172324.0 0.263020833333
172330.0 0.263020833333
172328.0 0.263020833333
172334.0 0.263020833333
172332.0 0.263020833333
172336.0 0.263020833333
172338.0 0.263020833333
172342.0 0.263020833333
172550.0 0.25
172340.0 0.263020833333
172554.0 0.279166666667
169275.0 0.292534722222
169276.0 0.292534722222
169271.0 0.292534722222
169272.0 0.292534722222
178250.0 0.276268115942
181125.0 0.289855072464
181510.0 0.289855072464
178468.0 0.276268115942
169291.0 0.292534722222
169293.0 0.292534722222
169294.0 0.292534722222
169292.0 0.292534722222
169282.0 0.292534722222
169285.0 0.292534722222
181126.0 0.289855072464
181516.0 0.289855072464
169288.0 0.292534722222
169286.0 0.292534722222
169283.0 0.292534722222
181513.0 0.289855072464
172609.0 0.26902173913
181114.0 0.289855072464
181129.0 0.289855072464
181091.0 0.289855072464
169289.0 0.292534722222
181130.0 0.289855072464
181092.0 0.289855072464
172606.0 0.26902173913
181117.0 0.289855072464
181133.0 0.289855072464
181480.0 0.289855072464
181134.0 0.289855072464
181474.0 0.289855072464
169678.0 0.292534722222
181113.0 0.289855072464
181118.0 0.289855072464
181075.0 0.289855072464
181497.0 0.289855072464
172607.0 0.26902173913
178481.0 0.276268115942
181121.0 0.289855072464
181076.0 0.289855072464
181491.0 0.289855072464
170567.0 0.278985507246
169631.0 0.292534722222
170571.0 0.278985507246
169641.0 0.292534722222
169639.0 0.292534722222
170579.0 0.278985507246
170580.0 0.278985507246
170583.0 0.278985507246
169647.0 0.292534722222
170588.0 0.278985507246
169651.0 0.292534722222
170591.0 0.278985507246
169657.0 0.292534722222
169661.0 0.292534722222
170595.0 0.278985507246
169663.0 0.292534722222
170600.0 0.278985507246
170603.0 0.278985507246
170604.0 0.278985507246
170608.0 0.278985507246
170612.0 0.278985507246
170538.0 0.278985507246
170542.0 0.278985507246
170546.0 0.278985507246
170550.0 0.278985507246
170554.0 0.278985507246
170558.0 0.278985507246
170562.0 0.278985507246
170566.0 0.278985507246
170570.0 0.278985507246
170574.0 0.278985507246
170578.0 0.278985507246
170582.0 0.278985507246
170586.0 0.278985507246
170590.0 0.278985507246
170594.0 0.278985507246
170598.0 0.278985507246
170602.0 0.278985507246
170606.0 0.278985507246
170610.0 0.278985507246
166869.0 0.271739130435
181095.0 0.289855072464
181096.0 0.289855072464
181099.0 0.289855072464
181100.0 0.289855072464
181103.0 0.289855072464
181104.0 0.289855072464
181108.0 0.289855072464
181498.0 0.289855072464
181107.0 0.289855072464
181492.0 0.289855072464
169590.0 0.292534722222
169592.0 0.292534722222
169596.0 0.292534722222
169594.0 0.292534722222
169598.0 0.292534722222
169600.0 0.292534722222
169604.0 0.292534722222
169602.0 0.292534722222
169606.0 0.292534722222
169608.0 0.292534722222
169610.0 0.292534722222
169612.0 0.292534722222
169614.0 0.292534722222
169616.0 0.292534722222
169618.0 0.292534722222
169620.0 0.292534722222
169622.0 0.292534722222
169624.0 0.292534722222
169626.0 0.292534722222
169628.0 0.292534722222
169630.0 0.292534722222
169632.0 0.292534722222
169636.0 0.292534722222
169640.0 0.292534722222
169638.0 0.292534722222
169644.0 0.292534722222
169642.0 0.292534722222
169648.0 0.292534722222
169646.0 0.292534722222
169652.0 0.292534722222
169650.0 0.292534722222
169656.0 0.292534722222
169654.0 0.292534722222
169658.0 0.292534722222
169660.0 0.292534722222
169662.0 0.292534722222
169664.0 0.292534722222
169666.0 0.292534722222
169591.0 0.292534722222
169593.0 0.292534722222
169595.0 0.292534722222
169597.0 0.292534722222
169601.0 0.292534722222
169599.0 0.292534722222
169603.0 0.292534722222
170535.0 0.278985507246
170536.0 0.278985507246
169609.0 0.292534722222
169607.0 0.292534722222
169605.0 0.292534722222
170539.0 0.278985507246
170540.0 0.278985507246
169613.0 0.292534722222
169611.0 0.292534722222
170543.0 0.278985507246
170544.0 0.278985507246
169617.0 0.292534722222
170547.0 0.278985507246
169615.0 0.292534722222
170548.0 0.278985507246
170551.0 0.278985507246
169621.0 0.292534722222
170552.0 0.278985507246
169619.0 0.292534722222
169625.0 0.292534722222
169623.0 0.292534722222
170555.0 0.278985507246
170556.0 0.278985507246
170559.0 0.278985507246
169629.0 0.292534722222
169627.0 0.292534722222
170560.0 0.278985507246
170563.0 0.278985507246
170564.0 0.278985507246
169633.0 0.292534722222
170568.0 0.278985507246
169637.0 0.292534722222
170572.0 0.278985507246
170575.0 0.278985507246
170576.0 0.278985507246
169643.0 0.292534722222
169645.0 0.292534722222
170584.0 0.278985507246
170587.0 0.278985507246
169653.0 0.292534722222
169649.0 0.292534722222
169655.0 0.292534722222
170592.0 0.278985507246
169659.0 0.292534722222
170596.0 0.278985507246
170599.0 0.278985507246
169665.0 0.292534722222
169667.0 0.292534722222
170607.0 0.278985507246
170611.0 0.278985507246
170537.0 0.278985507246
170541.0 0.278985507246
170545.0 0.278985507246
170549.0 0.278985507246
170553.0 0.278985507246
170557.0 0.278985507246
170561.0 0.278985507246
170565.0 0.278985507246
170569.0 0.278985507246
170573.0 0.278985507246
170577.0 0.278985507246
170581.0 0.278985507246
170585.0 0.278985507246
170589.0 0.278985507246
170593.0 0.278985507246
170597.0 0.278985507246
170601.0 0.278985507246
170605.0 0.278985507246
170609.0 0.278985507246
170613.0 0.278985507246
170614.0 0.278985507246
171219.0 0.278985507246
171212.0 0.278985507246
171119.0 0.278985507246
171112.0 0.278985507246
170925.0 0.278985507246
170918.0 0.278985507246
171065.0 0.278985507246
171058.0 0.278985507246
171159.0 0.278985507246
171152.0 0.278985507246
171101.0 0.278985507246
171095.0 0.278985507246
171132.0 0.278985507246
171139.0 0.278985507246
171045.0 0.278985507246
171038.0 0.278985507246
171084.0 0.278985507246
171078.0 0.278985507246
171172.0 0.278985507246
171179.0 0.278985507246
171025.0 0.278985507246
171018.0 0.278985507246
170965.0 0.278985507246
170958.0 0.278985507246
171199.0 0.278985507246
171192.0 0.278985507246
171005.0 0.278985507246
170998.0 0.278985507246
170865.0 0.278985507246
170858.0 0.278985507246
170945.0 0.278985507246
170938.0 0.278985507246
170885.0 0.278985507246
170878.0 0.278985507246
170845.0 0.278985507246
170838.0 0.278985507246
170898.0 0.278985507246
170905.0 0.278985507246
170985.0 0.278985507246
170978.0 0.278985507246
171213.0 0.278985507246
171220.0 0.278985507246
171113.0 0.278985507246
171120.0 0.278985507246
170919.0 0.278985507246
170926.0 0.278985507246
171059.0 0.278985507246
171066.0 0.278985507246
171153.0 0.278985507246
171160.0 0.278985507246
171096.0 0.278985507246
171102.0 0.278985507246
171133.0 0.278985507246
171140.0 0.278985507246
171039.0 0.278985507246
171079.0 0.278985507246
171046.0 0.278985507246
171085.0 0.278985507246
171173.0 0.278985507246
171180.0 0.278985507246
171019.0 0.278985507246
171026.0 0.278985507246
173348.0 0.25
170959.0 0.278985507246
170966.0 0.278985507246
171193.0 0.278985507246
173146.0 0.25
171200.0 0.278985507246
170999.0 0.278985507246
173144.0 0.25
171006.0 0.278985507246
170859.0 0.278985507246
170866.0 0.278985507246
173338.0 0.25
170939.0 0.278985507246
170946.0 0.278985507246
173336.0 0.25
170879.0 0.278985507246
170886.0 0.278985507246
170839.0 0.278985507246
173225.0 0.25
170846.0 0.278985507246
170899.0 0.278985507246
170906.0 0.278985507246
170979.0 0.278985507246
170986.0 0.278985507246
171245.0 0.292534722222
171242.0 0.292534722222
171244.0 0.292534722222
172545.0 0.264756944444
172544.0 0.264756944444
172543.0 0.264756944444
172542.0 0.264756944444
178887.0 0.276268115942
178897.0 0.23731884058
178898.0 0.315217391304
178899.0 0.276268115942
178900.0 0.276268115942
178903.0 0.315217391304
178904.0 0.276268115942
178933.0 0.276268115942
178937.0 0.300347222222
178938.0 0.300347222222
178939.0 0.300347222222
178907.0 0.309895833333
178908.0 0.309895833333
178914.0 0.309895833333
178915.0 0.309895833333
178910.0 0.309895833333
178911.0 0.309895833333
178912.0 0.309895833333
181111.0 0.289855072464
178913.0 0.309895833333
173293.0 0.25
173289.0 0.25
173278.0 0.25
173276.0 0.25
173346.0 0.25
173218.0 0.25
173268.0 0.25
173266.0 0.25
173284.0 0.25
173281.0 0.25
173139.0 0.25
173136.0 0.25
173159.0 0.25
173164.0 0.25
173354.0 0.25
173351.0 0.25
173271.0 0.25
173273.0 0.25
173151.0 0.25
173149.0 0.25
173374.0 0.25
173372.0 0.25
173369.0 0.25
173367.0 0.25
173178.0 0.25
173173.0 0.25
173193.0 0.25
173187.0 0.25
173343.0 0.25
173341.0 0.25
173359.0 0.25
173362.0 0.25
173317.0 0.25
173321.0 0.25
173209.0 0.25
173204.0 0.25
173238.0 0.25
173244.0 0.25
173328.0 0.25
173331.0 0.25
173259.0 0.25
173255.0 0.25
173300.0 0.25
173306.0 0.25
173156.0 0.25
173154.0 0.25
173127.0 0.25
173122.0 0.25
173290.0 0.25
173294.0 0.25
173277.0 0.25
173279.0 0.25
173347.0 0.25
173349.0 0.25
173145.0 0.25
173147.0 0.25
173339.0 0.25
173337.0 0.25
173219.0 0.25
173226.0 0.25
173267.0 0.25
173269.0 0.25
173282.0 0.25
173285.0 0.25
173137.0 0.25
173140.0 0.25
173160.0 0.25
173165.0 0.25
173352.0 0.25
173355.0 0.25
173274.0 0.25
173272.0 0.25
173150.0 0.25
173152.0 0.25
173373.0 0.25
173375.0 0.25
173370.0 0.25
173368.0 0.25
173174.0 0.25
173179.0 0.25
173188.0 0.25
173194.0 0.25
173342.0 0.25
173344.0 0.25
173360.0 0.25
173363.0 0.25
173318.0 0.25
173322.0 0.25
173205.0 0.25
173210.0 0.25
173239.0 0.25
173245.0 0.25
173329.0 0.25
173332.0 0.25
173256.0 0.25
173260.0 0.25
173301.0 0.25
173307.0 0.25
173155.0 0.25
173157.0 0.25
173123.0 0.25
173128.0 0.25
181119.0 0.289855072464
181123.0 0.289855072464
181127.0 0.289855072464
181131.0 0.289855072464
181135.0 0.289855072464
181757.0 0.260416666667
181759.0 0.303819444444
181763.0 0.347222222222
181765.0 0.303819444444
180093.0 0.308876811594
181614.0 0.289855072464
181687.0 0.289855072464
181536.0 0.289855072464
181526.0 0.289855072464
181587.0 0.289855072464
181521.0 0.289855072464
181557.0 0.289855072464
181674.0 0.289855072464
181654.0 0.289855072464
181576.0 0.289855072464
181627.0 0.289855072464
181531.0 0.289855072464
181522.0 0.289855072464
181537.0 0.289855072464
181542.0 0.289855072464
181648.0 0.289855072464
181615.0 0.289855072464
181688.0 0.289855072464
181695.0 0.289855072464
181529.0 0.289855072464
181595.0 0.289855072464
178923.0 0.309895833333
178921.0 0.309895833333
178922.0 0.309895833333
178920.0 0.309895833333
178994.0 0.297101449275
178995.0 0.297101449275
179014.0 0.297101449275
178996.0 0.297101449275
178997.0 0.297101449275
179017.0 0.297101449275
178998.0 0.297101449275
178999.0 0.297101449275
179020.0 0.297101449275
179000.0 0.297101449275
179001.0 0.297101449275
179023.0 0.297101449275
178986.0 0.297101449275
178987.0 0.297101449275
179002.0 0.297101449275
178988.0 0.297101449275
178989.0 0.297101449275
179005.0 0.297101449275
178990.0 0.297101449275
178991.0 0.297101449275
179008.0 0.297101449275
178992.0 0.297101449275
178993.0 0.297101449275
179011.0 0.297101449275
181112.0 0.289855072464
181115.0 0.289855072464
181116.0 0.289855072464
181120.0 0.289855072464
181124.0 0.289855072464
181128.0 0.289855072464
181132.0 0.289855072464
181136.0 0.289855072464
181758.0 0.347222222222
181760.0 0.303819444444
181762.0 0.260416666667
181764.0 0.303819444444
180094.0 0.308876811594
181607.0 0.289855072464
181694.0 0.289855072464
181541.0 0.289855072464
181528.0 0.289855072464
181594.0 0.289855072464
181523.0 0.289855072464
181550.0 0.289855072464
181667.0 0.289855072464
181647.0 0.289855072464
181570.0 0.289855072464
181634.0 0.289855072464
181533.0 0.289855072464
181524.0 0.289855072464
181655.0 0.289855072464
181608.0 0.289855072464
181527.0 0.289855072464
181588.0 0.289855072464
181668.0 0.289855072464
181675.0 0.289855072464
181628.0 0.289855072464
181635.0 0.289855072464
181534.0 0.289855072464
181532.0 0.289855072464
181551.0 0.289855072464
181558.0 0.289855072464
181571.0 0.289855072464
181577.0 0.289855072464
181511.0 0.289855072464
181509.0 0.289855072464
181514.0 0.289855072464
181517.0 0.289855072464
181475.0 0.289855072464
181481.0 0.289855072464
180095.0 0.308876811594
181839.0 0.287698412698
181849.0 0.260869565217
181850.0 0.329365079365
181851.0 0.287698412698
181852.0 0.287698412698
181854.0 0.260869565217
181857.0 0.287698412698
